UNITID,HRTOTLT,HRTOTLM,HRTOTLW,HRAIANT,HRAIANM,HRAIANW,HRASIAT,HRASIAM,HRASIAW,HRBKAAT,HRBKAAM,HRBKAAW,HRHISPT,HRHISPM,HRHISPW,HRNHPIT,HRNHPIM,HRNHPIW,HRWHITT,HRWHITM,HRWHITW,HR2MORT,HR2MORM,HR2MORW,HRUNKNT,HRUNKNM,HRUNKNW,HRNRALT,HRNRALM,HRNRALW 
100654,258,133,125,0,0,0,38,26,12,171,84,87,0,0,0,2,0,1.0986122886681098,2,1,1,43,20,23,2,2,0,0,0,0
100663,2671,1446,1225,8,6,2,428,265,163,172,55,117,91,58,33,2,1,1.0986122886681098,1809,968,841,24,11,13,4,2,2,133,80,53
100690,32,27,5,0,0,0,0,0,0,1,0,1,0,0,0,0,0,0.6931471805599453,31,27,4,0,0,0,0,0,0,0,0,0
100706,358,194,164,2,1,1,70,53,17,20,8,12,8,5,3,0,0,0.0,244,119,125,1,0,1,0,0,0,13,8,5
100724,211,108,103,0,0,0,32,24,8,135,57,78,3,3,0,0,0,0.6931471805599453,40,24,16,0,0,0,1,0,1,0,0,0
100751,1583,835,748,2,1,1,157,101,56,92,32,60,46,22,24,4,1,0.0,1190,631,559,10,2,8,10,5,5,72,40,32
100760,44,21,23,0,0,0,0,0,0,3,1,2,0,0,0,0,0,0.0,40,19,21,1,1,0,0,0,0,0,0,0
100812,85,42,43,2,0,2,7,3,4,12,6,6,2,0,2,0,0,0.6931471805599453,61,32,29,0,0,0,0,0,0,1,1,0
100830,230,111,119,1,0,1,22,14,8,20,7,13,5,4,1,0,0,0.6931471805599453,159,73,86,0,0,0,4,0,4,19,13,6
100858,1435,833,602,5,2,3,181,121,60,65,23,42,59,29,30,0,0,0.0,1023,593,430,20,11,9,9,6,3,73,48,25
100937,103,48,55,1,1,0,4,2,2,6,3,3,1,0,1,0,0,0.0,89,42,47,1,0,1,1,0,1,0,0,0
101028,42,16,26,0,0,0,1,0,1,8,1,7,0,0,0,0,0,0.0,33,15,18,0,0,0,0,0,0,0,0,0
101116,4,2,2,0,0,0,0,0,0,2,1,1,0,0,0,0,0,0.0,2,1,1,0,0,0,0,0,0,0,0,0
101143,54,31,23,0,0,0,2,2,0,7,4,3,1,1,0,0,0,0.0,44,24,20,0,0,0,0,0,0,0,0,0
101161,173,76,97,2,2,0,1,1,0,15,4,11,3,1,2,0,0,0.0,148,65,83,3,2,1,1,1,0,0,0,0
101189,140,69,71,0,0,0,5,2,3,7,3,4,1,0,1,0,0,0.0,126,64,62,1,0,1,0,0,0,0,0,0
101240,126,57,69,0,0,0,1,0,1,6,3,3,3,1,2,0,0,0.0,112,50,62,4,3,1,0,0,0,0,0,0
101286,119,42,77,0,0,0,1,0,1,7,4,3,0,0,0,0,0,0.6931471805599453,109,36,73,2,2,0,0,0,0,0,0,0
101295,119,42,77,0,0,0,0,0,0,4,2,2,0,0,0,0,0,0.0,115,40,75,0,0,0,0,0,0,0,0,0
101301,39,18,21,0,0,0,0,0,0,27,10,17,0,0,0,0,0,0.0,7,5,2,0,0,0,5,3,2,0,0,0
101365,15,3,12,0,0,0,1,1,0,1,0,1,0,0,0,0,0,0.6931471805599453,13,2,11,0,0,0,0,0,0,0,0,0
101435,50,27,23,0,0,0,0,0,0,5,4,1,0,0,0,0,0,0.0,41,19,22,1,1,0,3,3,0,0,0,0
101453,5,5,0,0,0,0,0,0,0,1,1,0,0,0,0,0,0,0.0,4,4,0,0,0,0,0,0,0,0,0,0
101462,25,8,17,0,0,0,1,0,1,11,1,10,0,0,0,0,0,0.6931471805599453,9,6,3,3,1,2,1,0,1,0,0,0
101471,80,62,18,1,1,0,0,0,0,34,20,14,0,0,0,0,0,0.0,42,40,2,3,1,2,0,0,0,0,0,0
101480,347,158,189,1,1,0,12,5,7,24,8,16,3,2,1,0,0,0.0,287,130,157,0,0,0,3,1,2,17,11,6
101505,130,48,82,0,0,0,3,1,2,27,9,18,1,1,0,0,0,0.6931471805599453,94,34,60,5,3,2,0,0,0,0,0,0
101514,157,58,99,2,0,2,1,0,1,18,6,12,1,0,1,0,0,0.0,129,51,78,6,1,5,0,0,0,0,0,0
101569,77,38,39,0,0,0,0,0,0,41,16,25,0,0,0,0,0,0.0,31,19,12,3,2,1,2,1,1,0,0,0
101587,115,47,68,0,0,0,3,2,1,14,5,9,0,0,0,0,0,0.0,79,32,47,1,0,1,18,8,10,0,0,0
101602,54,24,30,1,1,0,0,0,0,2,1,1,1,0,1,0,0,0.6931471805599453,50,22,28,0,0,0,0,0,0,0,0,0
101648,20,11,9,0,0,0,1,0,1,0,0,0,2,1,1,0,0,0.6931471805599453,17,10,7,0,0,0,0,0,0,0,0,0
101675,68,30,38,0,0,0,2,2,0,47,17,30,0,0,0,0,0,0.0,18,10,8,0,0,0,1,1,0,0,0,0
101693,76,30,46,0,0,0,1,0,1,2,0,2,1,1,0,0,0,0.0,72,29,43,0,0,0,0,0,0,0,0,0
101709,138,66,72,0,0,0,7,3,4,10,5,5,2,0,2,0,0,0.6931471805599453,119,58,61,0,0,0,0,0,0,0,0,0
101736,70,33,37,0,0,0,0,0,0,8,2,6,0,0,0,0,0,0.0,61,31,30,1,0,1,0,0,0,0,0,0
101879,289,149,140,1,1,0,20,12,8,24,9,15,10,6,4,0,0,0.0,222,112,110,5,3,2,3,2,1,4,4,0
101897,60,26,34,1,0,1,1,0,1,0,0,0,0,0,0,0,0,0.0,58,26,32,0,0,0,0,0,0,0,0,0
101912,112,59,53,0,0,0,4,4,0,90,42,48,3,2,1,0,0,0.0,3,3,0,0,0,0,4,2,2,8,6,2
101994,14,5,9,0,0,0,0,0,0,7,2,5,0,0,0,0,0,0.0,7,3,4,0,0,0,0,0,0,0,0,0
102030,59,22,37,0,0,0,0,0,0,32,9,23,1,1,0,0,0,0.6931471805599453,24,11,13,1,1,0,1,0,1,0,0,0
102049,362,164,198,1,0,1,10,7,3,28,11,17,7,3,4,0,0,0.0,303,136,167,3,2,1,5,2,3,5,3,2
102067,104,40,64,2,2,0,1,1,0,27,6,21,1,0,1,0,0,0.0,70,31,39,0,0,0,3,0,3,0,0,0
102076,41,23,18,0,0,0,1,1,0,0,0,0,0,0,0,0,0,0.6931471805599453,40,22,18,0,0,0,0,0,0,0,0,0
102094,817,407,410,0,0,0,96,54,42,39,8,31,4,3,1,1,0,0.0,661,336,325,12,4,8,4,2,2,0,0,0
102234,69,33,36,0,0,0,2,1,1,2,1,1,4,1,3,0,0,0.0,60,29,31,0,0,0,0,0,0,1,1,0
102270,49,24,25,0,0,0,5,4,1,31,12,19,0,0,0,0,0,0.0,13,8,5,0,0,0,0,0,0,0,0,0
102298,38,17,21,0,0,0,7,6,1,20,5,15,0,0,0,0,0,0.0,11,6,5,0,0,0,0,0,0,0,0,0
102313,49,24,25,0,0,0,0,0,0,25,9,16,0,0,0,0,0,0.0,22,15,7,2,0,2,0,0,0,0,0,0
102368,448,217,231,1,0,1,10,8,2,33,14,19,0,0,0,0,0,0.0,346,161,185,1,0,1,3,1,2,54,33,21
102377,194,107,87,6,5,1,37,28,9,95,44,51,3,0,3,5,3,0.0,41,27,14,0,0,0,7,0,7,0,0,0
102395,7,5,2,0,0,0,0,0,0,3,2,1,0,0,0,0,0,0.0,4,3,1,0,0,0,0,0,0,0,0,0
102429,106,51,55,0,0,0,0,0,0,7,0,7,0,0,0,0,0,0.0,98,50,48,1,1,0,0,0,0,0,0,0
102553,404,189,215,13,5,8,29,19,10,4,3,1,14,7,7,2,0,0.0,309,136,173,9,5,4,16,8,8,8,6,2
102614,284,151,133,13,3,10,23,19,4,6,3,3,10,4,6,1,0,0.0,199,104,95,12,4,8,14,9,5,6,5,1
102632,81,38,43,6,2,4,1,0,1,0,0,0,1,1,0,0,0,0.0,66,32,34,1,1,0,6,2,4,0,0,0
102669,50,22,28,3,0,3,1,0,1,2,1,1,0,0,0,0,0,0.0,43,21,22,1,0,1,0,0,0,0,0,0
102845,72,23,49,4,1,3,2,1,1,4,3,1,9,3,6,0,0,0.0,52,15,37,1,0,1,0,0,0,0,0,0
103501,1,0,1,0,0,0,0,0,0,0,0,0,0,0,0,0,0,0.0,1,0,1,0,0,0,0,0,0,0,0,0
103893,31,6,25,0,0,0,0,0,0,3,0,3,5,2,3,0,0,0.0,22,4,18,0,0,0,1,0,1,0,0,0
103909,23,6,17,1,0,1,0,0,0,1,1,0,4,0,4,0,0,0.0,15,3,12,1,1,0,1,1,0,0,0,0
103927,10,0,10,0,0,0,0,0,0,2,0,2,2,0,2,1,0,0.0,4,0,4,0,0,0,1,0,1,0,0,0
103963,18,18,0,0,0,0,1,1,0,1,1,0,4,4,0,0,0,0.0,12,12,0,0,0,0,0,0,0,0,0,0
104090,25,5,20,0,0,0,1,0,1,5,1,4,2,0,2,0,0,0.0,16,3,13,1,1,0,0,0,0,0,0,0
104151,3362,1749,1613,32,16,16,361,214,147,97,37,60,272,135,137,1,0,0.0,2043,1064,979,38,18,20,357,173,184,161,92,69
104160,125,62,63,1,1,0,6,3,3,4,3,1,20,10,10,1,0,0.0,75,36,39,2,1,1,16,8,8,0,0,0
104179,2185,1231,954,19,10,9,226,141,85,52,28,24,215,99,116,0,0,0.0,1428,814,614,21,6,15,142,88,54,82,45,37
104346,84,39,45,0,0,0,4,2,2,5,1,4,11,7,4,1,1,0.0,55,24,31,6,3,3,2,1,1,0,0,0
104425,107,46,61,0,0,0,2,1,1,5,3,2,8,4,4,0,0,0.0,81,33,48,1,1,0,6,2,4,4,2,2
104577,83,49,34,1,0,1,1,0,1,0,0,0,6,4,2,0,0,0.0,75,45,30,0,0,0,0,0,0,0,0,0
104586,152,115,37,0,0,0,16,10,6,4,3,1,4,2,2,0,0,0.0,115,90,25,1,0,1,5,4,1,7,6,1
104708,255,116,139,0,0,0,8,1,7,10,4,6,23,12,11,0,0,0.0,202,91,111,5,3,2,7,5,2,0,0,0
104717,550,233,317,0,0,0,19,10,9,58,20,38,36,17,19,3,0,0.0,355,153,202,14,6,8,65,27,38,0,0,0
105145,106,39,67,1,1,0,5,2,3,4,3,1,10,4,6,0,0,0.0,75,28,47,3,1,2,8,0,8,0,0,0
105154,281,127,154,1,1,0,9,0,9,14,9,5,24,11,13,1,1,0.0,227,104,123,3,0,3,2,1,1,0,0,0
105206,73,33,40,0,0,0,5,2,3,2,2,0,0,0,0,0,0,0.0,58,25,33,1,0,1,7,4,3,0,0,0
105215,22,21,1,0,0,0,0,0,0,1,1,0,1,1,0,0,0,0.0,20,19,1,0,0,0,0,0,0,0,0,0
105297,56,37,19,31,21,10,4,3,1,0,0,0,1,0,1,0,0,0.0,20,13,7,0,0,0,0,0,0,0,0,0
105330,1031,489,542,26,12,14,70,33,37,17,10,7,62,21,41,3,1,0.0,765,361,404,11,3,8,48,28,20,29,20,9
105349,84,38,46,3,1,2,1,0,1,3,1,2,1,1,0,2,2,0.0,66,27,39,0,0,0,8,6,2,0,0,0
105428,156,68,88,4,2,2,7,5,2,5,3,2,21,6,15,0,0,0.0,109,49,60,2,0,2,8,3,5,0,0,0
105525,239,111,128,1,1,0,11,9,2,7,3,4,42,17,25,1,1,0.0,164,75,89,6,4,2,6,1,5,1,0,1
105534,53,7,46,0,0,0,0,0,0,2,0,2,10,0,10,0,0,0.0,38,6,32,2,0,2,1,1,0,0,0,0
105543,30,7,23,0,0,0,0,0,0,3,3,0,8,0,8,0,0,0.0,16,4,12,3,0,3,0,0,0,0,0,0
105589,59,20,39,1,0,1,0,0,0,4,1,3,4,2,2,0,0,0.0,40,15,25,4,1,3,6,1,5,0,0,0
105659,24,23,1,2,2,0,0,0,0,4,4,0,4,4,0,0,0,0.0,13,12,1,1,1,0,0,0,0,0,0,0
105668,45,15,30,1,1,0,2,1,1,4,1,3,4,2,2,0,0,0.0,33,10,23,1,0,1,0,0,0,0,0,0
105747,124,62,62,0,0,0,3,2,1,4,2,2,7,5,2,0,0,0.0,107,51,56,1,1,0,2,1,1,0,0,0
105792,62,30,32,1,0,1,6,0,6,6,2,4,13,5,8,0,0,0.0,33,22,11,1,1,0,2,0,2,0,0,0
105899,36,20,16,0,0,0,0,0,0,1,1,0,0,0,0,0,0,0.0,34,18,16,1,1,0,0,0,0,0,0,0
106041,52,52,0,0,0,0,1,1,0,1,1,0,4,4,0,0,0,0.0,44,44,0,2,2,0,0,0,0,0,0,0
106148,101,48,53,0,0,0,0,0,0,2,2,0,5,2,3,0,0,0.0,79,32,47,1,1,0,14,11,3,0,0,0
106245,351,197,154,1,0,1,20,16,4,24,10,14,5,3,2,0,0,0.0,250,134,116,1,0,1,12,8,4,38,26,12
106263,857,425,432,0,0,0,102,61,41,37,12,25,31,13,18,0,0,0.0,572,272,300,9,4,5,21,11,10,85,52,33
106306,14,6,8,0,0,0,0,0,0,14,6,8,0,0,0,0,0,0.0,0,0,0,0,0,0,0,0,0,0,0,0
106342,50,33,17,0,0,0,5,3,2,0,0,0,3,1,2,0,0,0.0,41,28,13,0,0,0,1,1,0,0,0,0
106397,1329,738,591,6,3,3,147,98,49,35,17,18,58,22,36,0,0,0.0,943,513,430,21,11,10,54,35,19,65,39,26
106412,156,86,70,0,0,0,28,21,7,97,43,54,1,1,0,3,2,0.0,21,16,5,2,1,1,0,0,0,4,2,2
106449,100,53,47,0,0,0,2,2,0,1,1,0,1,1,0,0,0,0.0,93,47,46,3,2,1,0,0,0,0,0,0
106458,498,229,269,5,3,2,40,29,11,29,5,24,15,10,5,1,1,0.0,364,152,212,0,0,0,28,17,11,16,12,4
106467,334,167,167,2,1,1,31,21,10,9,5,4,6,2,4,0,0,0.0,284,137,147,1,0,1,0,0,0,1,1,0
106485,151,74,77,1,0,1,3,3,0,11,4,7,1,0,1,0,0,0.0,123,58,65,0,0,0,7,5,2,5,4,1
106546,52,4,48,0,0,0,0,0,0,6,0,6,0,0,0,0,0,0.0,46,4,42,0,0,0,0,0,0,0,0,0
106625,57,21,36,0,0,0,0,0,0,1,0,1,0,0,0,0,0,0.0,56,21,35,0,0,0,0,0,0,0,0,0
106704,529,241,288,0,0,0,32,19,13,28,12,16,7,4,3,1,0,0.0,426,185,241,12,7,5,2,2,0,21,12,9
106713,27,12,15,0,0,0,1,0,1,1,0,1,1,1,0,0,0,0.0,24,11,13,0,0,0,0,0,0,0,0,0
106795,48,14,34,0,0,0,0,0,0,1,0,1,1,0,1,0,0,0.0,46,14,32,0,0,0,0,0,0,0,0,0
106810,12,5,7,0,0,0,0,0,0,0,0,0,0,0,0,0,0,0.0,12,5,7,0,0,0,0,0,0,0,0,0
106883,44,23,21,0,0,0,0,0,0,9,4,5,0,0,0,0,0,0.0,34,18,16,1,1,0,0,0,0,0,0,0
106980,87,33,54,0,0,0,1,0,1,4,1,3,0,0,0,0,0,0.0,81,31,50,0,0,0,0,0,0,1,1,0
106999,46,17,29,2,2,0,0,0,0,1,0,1,1,0,1,0,0,0.0,42,15,27,0,0,0,0,0,0,0,0,0
107044,282,164,118,0,0,0,2,0,2,6,5,1,4,3,1,0,0,0.0,263,154,109,6,2,4,0,0,0,1,0,1
107071,95,51,44,1,1,0,4,2,2,5,3,2,0,0,0,0,0,0.0,70,35,35,6,2,4,8,7,1,1,1,0
107080,94,45,49,0,0,0,1,0,1,3,1,2,5,2,3,0,0,0.0,82,41,41,1,1,0,0,0,0,2,0,2
107141,75,50,25,2,1,1,1,0,1,3,1,2,5,5,0,0,0,0.0,59,41,18,2,0,2,0,0,0,3,2,1
107318,31,19,12,0,0,0,1,1,0,7,4,3,1,0,1,0,0,0.0,22,14,8,0,0,0,0,0,0,0,0,0
107327,40,21,19,0,0,0,1,1,0,3,2,1,0,0,0,0,0,0.0,36,18,18,0,0,0,0,0,0,0,0,0
107460,71,34,37,5,3,2,0,0,0,0,0,0,2,2,0,0,0,0.0,58,26,32,0,0,0,6,3,3,0,0,0
107512,109,62,47,0,0,0,3,2,1,2,0,2,5,3,2,0,0,0.0,98,56,42,0,0,0,0,0,0,1,1,0
107521,53,25,28,1,1,0,0,0,0,5,1,4,0,0,0,0,0,0.0,45,21,24,2,2,0,0,0,0,0,0,0
107549,36,20,16,0,0,0,0,0,0,0,0,0,0,0,0,0,0,0.0,36,20,16,0,0,0,0,0,0,0,0,0
107558,50,29,21,1,1,0,3,1,2,0,0,0,2,1,1,0,0,0.0,40,24,16,1,0,1,0,0,0,3,2,1
107585,61,30,31,1,0,1,0,0,0,0,0,0,0,0,0,0,0,0.0,60,30,30,0,0,0,0,0,0,0,0,0
107600,36,18,18,0,0,0,6,4,2,26,12,14,0,0,0,0,0,0.0,4,2,2,0,0,0,0,0,0,0,0,0
107619,54,19,35,0,0,0,0,0,0,9,2,7,0,0,0,0,0,0.0,45,17,28,0,0,0,0,0,0,0,0,0
107637,42,16,26,0,0,0,0,0,0,18,5,13,0,0,0,0,0,0.0,23,11,12,1,0,1,0,0,0,0,0,0
107664,142,70,72,0,0,0,4,2,2,16,7,9,2,2,0,0,0,0.0,117,57,60,2,1,1,1,1,0,0,0,0
107725,43,18,25,0,0,0,0,0,0,5,4,1,0,0,0,0,0,0.0,38,14,24,0,0,0,0,0,0,0,0,0
107743,19,8,11,0,0,0,2,2,0,1,1,0,0,0,0,0,0,0.0,16,5,11,0,0,0,0,0,0,0,0,0
107840,12,5,7,0,0,0,0,0,0,12,5,7,0,0,0,0,0,0.0,0,0,0,0,0,0,0,0,0,0,0,0
107877,28,14,14,0,0,0,0,0,0,0,0,0,1,0,1,0,0,0.0,26,13,13,0,0,0,0,0,0,1,1,0
107974,44,20,24,0,0,0,0,0,0,4,2,2,0,0,0,0,0,0.0,40,18,22,0,0,0,0,0,0,0,0,0
107983,160,83,77,0,0,0,18,15,3,17,9,8,2,2,0,0,0,1.3862943611198906,123,57,66,0,0,0,0,0,0,0,0,0
107992,59,30,29,0,0,0,0,0,0,6,2,4,1,0,1,1,1,1.3862943611198906,50,26,24,0,0,0,0,0,0,1,1,0
108092,202,92,110,15,6,9,19,9,10,7,1,6,9,4,5,0,0,0.0,143,67,76,0,0,0,5,3,2,4,2,2
108232,126,77,49,0,0,0,10,2,8,2,2,0,7,5,2,2,1,0.0,86,55,31,0,0,0,19,12,7,0,0,0
108667,68,34,34,0,0,0,17,10,7,12,5,7,9,3,6,1,1,1.0986122886681098,26,14,12,1,0,1,2,1,1,0,0,0
108807,170,81,89,1,1,0,4,2,2,4,2,2,36,15,21,1,1,0.6931471805599453,108,52,56,2,2,0,7,3,4,7,3,4
108852,6,2,4,0,0,0,0,0,0,0,0,0,0,0,0,0,0,0.0,5,2,3,1,0,1,0,0,0,0,0,0
108861,7,4,3,0,0,0,1,1,0,3,2,1,1,1,0,0,0,0.0,2,0,2,0,0,0,0,0,0,0,0,0
108870,12,9,3,0,0,0,0,0,0,1,1,0,0,0,0,0,0,0.0,11,8,3,0,0,0,0,0,0,0,0,0
109040,47,15,32,0,0,0,13,4,9,6,2,4,16,7,9,0,0,0.0,9,2,7,2,0,2,1,0,1,0,0,0
109208,348,147,201,4,4,0,38,13,25,15,6,9,57,20,37,2,1,1.0986122886681098,209,91,118,7,3,4,15,8,7,1,1,0
109350,184,103,81,1,0,1,13,7,6,15,7,8,31,16,15,4,1,0.0,113,67,46,7,5,2,0,0,0,0,0,0
109651,149,98,51,1,0,1,17,13,4,6,5,1,19,13,6,0,0,0.0,100,63,37,4,3,1,0,0,0,2,1,1
109785,343,147,196,2,1,1,59,23,36,24,7,17,23,12,11,3,2,1.0986122886681098,207,87,120,5,2,3,20,13,7,0,0,0
109819,412,209,203,3,3,0,14,6,8,17,14,3,99,39,60,0,0,0.6931471805599453,248,130,118,14,9,5,4,2,2,13,6,7
109907,40,19,21,0,0,0,2,2,0,3,1,2,8,5,3,1,1,0.0,21,7,14,0,0,0,5,3,2,0,0,0
110060,5,3,2,0,0,0,2,1,1,0,0,0,3,2,1,0,0,0.0,0,0,0,0,0,0,0,0,0,0,0,0
110097,249,151,98,1,0,1,38,16,22,6,4,2,18,10,8,0,0,0.0,160,110,50,0,0,0,24,11,13,2,0,2
110219,18,6,12,0,0,0,0,0,0,2,0,2,1,1,0,0,0,0.6931471805599453,15,5,10,0,0,0,0,0,0,0,0,0
110246,198,94,104,1,0,1,11,6,5,5,1,4,18,9,9,0,0,0.6931471805599453,155,77,78,3,1,2,5,0,5,0,0,0
110316,63,24,39,0,0,0,4,2,2,3,1,2,5,1,4,0,0,0.0,47,19,28,0,0,0,4,1,3,0,0,0
110334,201,84,117,0,0,0,6,2,4,1,0,1,32,11,21,1,1,0.0,141,62,79,3,2,1,6,2,4,11,4,7
110361,366,189,177,1,0,1,54,34,20,28,11,17,35,12,23,3,0,0.0,225,126,99,14,5,9,6,1,5,0,0,0
110370,90,42,48,1,0,1,16,7,9,3,1,2,9,5,4,0,0,0.6931471805599453,50,22,28,4,3,1,3,2,1,4,2,2
110398,57,26,31,1,0,1,7,3,4,2,1,1,1,0,1,0,0,0.0,44,22,22,2,0,2,0,0,0,0,0,0
110404,343,258,85,0,0,0,53,35,18,6,5,1,14,12,2,0,0,0.0,254,192,62,4,3,1,0,0,0,12,11,1
110413,180,88,92,0,0,0,18,9,9,11,4,7,23,9,14,0,0,0.0,119,62,57,5,2,3,1,0,1,3,2,1
110422,886,551,335,4,3,1,87,50,37,21,13,8,43,29,14,1,1,0.0,635,391,244,10,6,4,44,27,17,41,31,10
110468,162,48,114,1,0,1,19,5,14,12,4,8,11,2,9,1,0,0.0,77,30,47,3,0,3,38,7,31,0,0,0
110486,340,173,167,1,1,0,61,36,25,15,7,8,57,30,27,2,1,0.0,170,79,91,8,4,4,9,5,4,17,10,7
110495,378,186,192,3,1,2,55,30,25,18,10,8,49,19,30,1,0,0.0,216,114,102,4,0,4,20,7,13,12,5,7
110510,534,263,271,3,0,3,91,46,45,32,15,17,73,38,35,0,0,0.0,278,139,139,8,3,5,38,18,20,11,4,7
110529,668,367,301,3,2,1,158,81,77,28,10,18,72,40,32,1,1,0.0,321,183,138,4,3,1,41,22,19,40,25,15
110538,517,264,253,4,2,2,55,24,31,12,5,7,27,15,12,0,0,0.0,354,183,171,10,3,7,41,24,17,14,8,6
110547,426,181,245,3,1,2,74,26,48,43,17,26,72,29,43,0,0,0.0,175,81,94,15,6,9,26,13,13,18,8,10
110556,792,398,394,5,1,4,127,77,50,28,13,15,112,49,63,1,1,0.0,436,213,223,12,7,5,29,13,16,42,24,18
110565,1027,497,530,2,1,1,224,106,118,43,15,28,119,55,64,1,1,0.0,569,290,279,10,4,6,26,10,16,33,15,18
110574,353,160,193,0,0,0,81,35,46,18,5,13,30,16,14,3,0,0.0,175,78,97,5,2,3,28,17,11,13,7,6
110583,1082,511,571,9,2,7,219,94,125,55,27,28,127,59,68,0,0,0.0,583,282,301,19,4,15,43,27,16,27,16,11
110592,715,334,381,3,1,2,175,80,95,50,27,23,136,60,76,1,1,0.0,286,135,151,14,3,11,22,15,7,28,12,16
110608,916,448,468,4,0,4,160,76,84,46,19,27,110,50,60,0,0,0.0,505,252,253,20,8,12,43,23,20,28,20,8
110617,804,378,426,10,5,5,114,62,52,42,18,24,63,30,33,1,0,0.0,456,206,250,10,3,7,82,39,43,26,15,11
110635,1883,1087,796,4,1,3,299,156,143,82,38,44,140,78,62,0,0,0.0,1150,697,453,36,18,18,91,50,41,81,49,32
110644,2749,1461,1288,6,0,6,563,289,274,71,26,45,200,94,106,1,0,0.0,1621,899,722,32,8,24,131,73,58,124,72,52
110653,2213,1239,974,6,2,4,580,314,266,79,39,40,155,76,79,3,2,0.0,1200,700,500,36,13,23,67,41,26,87,52,35
110662,4302,2404,1898,10,2,8,1123,594,529,165,79,86,321,173,148,4,2,0.0,2230,1309,921,66,26,40,222,117,105,161,102,59
110671,1021,610,411,9,5,4,237,152,85,42,19,23,90,48,42,0,0,0.0,511,308,203,18,11,7,63,35,28,51,32,19
110680,2990,1703,1287,6,3,3,641,350,291,72,30,42,239,132,107,1,1,0.0,1819,1054,765,30,12,18,57,32,25,125,89,36
110699,3133,1443,1690,6,4,2,909,403,506,119,50,69,196,94,102,0,0,0.0,1679,798,881,74,22,52,54,24,30,96,48,48
110705,1085,610,475,6,3,3,124,65,59,35,19,16,78,34,44,1,0,0.0,668,379,289,19,8,11,48,23,25,106,79,27
110714,772,406,366,10,3,7,101,48,53,21,12,9,94,44,50,0,0,0.0,437,244,193,15,6,9,37,17,20,57,32,25
110778,16,9,7,0,0,0,2,2,0,0,0,0,0,0,0,0,0,0.0,11,4,7,1,1,0,1,1,0,1,1,0
111081,150,83,67,0,0,0,15,8,7,6,3,3,15,7,8,0,0,0.0,109,61,48,1,0,1,0,0,0,4,4,0
111188,60,44,16,0,0,0,4,2,2,1,1,0,2,1,1,0,0,0.0,51,38,13,0,0,0,2,2,0,0,0,0
111391,31,17,14,0,0,0,3,1,2,1,1,0,4,2,2,0,0,0.0,23,13,10,0,0,0,0,0,0,0,0,0
111434,92,35,57,0,0,0,16,6,10,5,2,3,17,5,12,0,0,0.0,45,15,30,1,0,1,7,6,1,1,1,0
111461,217,91,126,2,1,1,22,9,13,7,1,6,30,13,17,1,1,0.0,146,63,83,3,2,1,6,1,5,0,0,0
111638,13,5,8,0,0,0,3,1,2,0,0,0,0,0,0,0,0,0.0,9,4,5,1,0,1,0,0,0,0,0,0
111887,216,103,113,1,0,1,23,10,13,7,5,2,41,16,25,1,1,0.0,83,39,44,1,0,1,59,32,27,0,0,0
111896,67,36,31,1,0,1,4,1,3,4,1,3,5,5,0,0,0,0.0,44,23,21,1,1,0,7,5,2,1,0,1
111920,183,94,89,1,0,1,26,11,15,12,8,4,27,16,11,0,0,0.0,95,47,48,4,1,3,12,6,6,6,5,1
111939,255,103,152,1,1,0,33,11,22,17,6,11,58,22,36,0,0,0.0,138,60,78,3,0,3,4,2,2,1,1,0
111948,563,312,251,0,0,0,57,23,34,14,8,6,32,13,19,1,0,0.0,332,198,134,9,2,7,97,57,40,21,11,10
111966,84,36,48,0,0,0,25,17,8,30,7,23,11,6,5,0,0,0.0,15,6,9,3,0,3,0,0,0,0,0,0
112075,108,55,53,1,1,0,7,3,4,5,1,4,3,1,2,0,0,0.0,92,49,43,0,0,0,0,0,0,0,0,0
112084,7,5,2,0,0,0,1,0,1,0,0,0,1,1,0,0,0,0.0,5,4,1,0,0,0,0,0,0,0,0,0
112127,6,3,3,0,0,0,1,1,0,0,0,0,1,1,0,0,0,0.0,4,1,3,0,0,0,0,0,0,0,0,0
112172,168,74,94,3,2,1,20,6,14,6,2,4,40,17,23,5,2,0.0,90,44,46,3,1,2,1,0,1,0,0,0
112190,439,168,271,1,1,0,87,31,56,22,11,11,60,21,39,3,2,0.0,230,89,141,8,3,5,11,8,3,17,2,15
112251,83,44,39,0,0,0,14,7,7,5,3,2,6,3,3,1,0,0.0,50,29,21,1,0,1,5,2,3,1,0,1
112260,184,118,66,0,0,0,20,9,11,10,7,3,9,7,2,0,0,0.0,129,87,42,3,1,2,6,5,1,7,2,5
112385,54,22,32,0,0,0,6,2,4,3,2,1,8,2,6,0,0,0.0,34,15,19,1,0,1,1,1,0,1,0,1
112394,10,8,2,0,0,0,3,2,1,0,0,0,0,0,0,1,1,0.0,6,5,1,0,0,0,0,0,0,0,0,0
112525,307,135,172,0,0,0,72,38,34,9,2,7,14,6,8,0,0,0.0,131,49,82,15,8,7,34,16,18,32,16,16
112561,52,30,22,0,0,0,1,0,1,0,0,0,5,3,2,0,0,0.0,42,24,18,3,2,1,1,1,0,0,0,0
112570,6,5,1,0,0,0,0,0,0,1,1,0,0,0,0,0,0,0.0,5,4,1,0,0,0,0,0,0,0,0,0
112686,99,40,59,0,0,0,4,1,3,34,10,24,26,14,12,2,1,0.0,30,13,17,2,1,1,1,0,1,0,0,0
112826,105,43,62,0,0,0,13,10,3,18,8,10,17,5,12,1,1,0.0,42,14,28,6,2,4,7,2,5,1,1,0
113096,196,93,103,3,2,1,30,13,17,16,6,10,28,15,13,0,0,0.0,104,50,54,8,5,3,6,2,4,1,0,1
113111,77,39,38,0,0,0,9,5,4,5,0,5,14,10,4,0,0,0.0,49,24,25,0,0,0,0,0,0,0,0,0
113193,141,71,70,2,1,1,3,3,0,0,0,0,19,11,8,0,0,0.0,108,53,55,1,0,1,6,2,4,2,1,1
113218,115,50,65,2,1,1,7,1,6,4,3,1,20,6,14,0,0,0.0,71,33,38,0,0,0,7,3,4,4,3,1
113236,237,104,133,0,0,0,31,8,23,13,5,8,50,27,23,2,0,0.0,108,52,56,9,2,7,19,10,9,5,0,5
113333,244,101,143,1,1,0,55,17,38,17,10,7,46,16,30,0,0,0.0,110,53,57,8,2,6,6,2,4,1,0,1
113573,118,53,65,1,0,1,4,3,1,7,1,6,20,7,13,0,0,0.0,71,36,35,10,6,4,0,0,0,5,0,5
113634,274,123,151,2,1,1,32,11,21,21,6,15,39,23,16,1,1,0.0,155,69,86,4,3,1,20,9,11,0,0,0
113698,105,39,66,0,0,0,12,3,9,5,2,3,7,4,3,1,0,0.0,63,20,43,3,2,1,14,8,6,0,0,0
113704,12,10,2,0,0,0,0,0,0,0,0,0,1,0,1,0,0,0.0,10,9,1,0,0,0,0,0,0,1,1,0
113856,296,132,164,0,0,0,50,22,28,15,8,7,88,34,54,0,0,0.0,77,39,38,3,2,1,59,25,34,4,2,2
113980,330,161,169,2,1,1,56,22,34,23,14,9,79,37,42,3,1,0.0,161,82,79,0,0,0,6,4,2,0,0,0
114266,117,45,72,1,1,0,39,11,28,6,0,6,28,10,18,0,0,0.0,35,19,16,3,2,1,4,1,3,1,1,0
114354,8,5,3,0,0,0,0,0,0,1,1,0,2,1,1,0,0,0.0,5,3,2,0,0,0,0,0,0,0,0,0
114433,26,15,11,0,0,0,0,0,0,1,1,0,1,0,1,0,0,0.0,20,13,7,0,0,0,4,1,3,0,0,0
114549,49,16,33,1,1,0,0,0,0,5,2,3,4,2,2,0,0,0.0,36,10,26,1,0,1,2,1,1,0,0,0
114716,171,66,105,0,0,0,26,8,18,9,3,6,35,14,21,0,0,0.0,94,37,57,6,4,2,1,0,1,0,0,0
114789,364,178,186,5,2,3,29,12,17,28,11,17,82,32,50,0,0,0.0,194,112,82,6,2,4,18,7,11,2,0,2
114813,109,47,62,1,1,0,8,4,4,1,0,1,16,1,15,0,0,0.0,53,14,39,2,1,1,28,26,2,0,0,0
114831,1,0,1,0,0,0,0,0,0,0,0,0,0,0,0,0,0,0.0,0,0,0,0,0,0,1,0,1,0,0,0
114840,52,32,20,0,0,0,15,9,6,9,3,6,3,2,1,0,0,0.0,22,16,6,2,1,1,0,0,0,1,1,0
114859,316,159,157,2,2,0,32,16,16,11,3,8,75,35,40,2,2,0.0,181,95,86,9,4,5,4,2,2,0,0,0
114938,71,31,40,0,0,0,2,1,1,1,1,0,20,10,10,0,0,0.0,38,16,22,5,2,3,5,1,4,0,0,0
115001,207,85,122,2,2,0,17,4,13,2,0,2,32,16,16,3,2,0.0,145,58,87,3,2,1,3,1,2,0,0,0
115010,19,8,11,0,0,0,4,4,0,1,1,0,6,1,5,3,0,0.0,5,2,3,0,0,0,0,0,0,0,0,0
115083,52,24,28,0,0,0,7,2,5,3,2,1,3,1,2,0,0,0.0,37,19,18,2,0,2,0,0,0,0,0,0
115126,131,51,80,1,0,1,28,10,18,5,3,2,15,6,9,1,0,0.0,78,30,48,0,0,0,3,2,1,0,0,0
115214,11,5,6,0,0,0,2,1,1,0,0,0,1,1,0,0,0,0.0,7,3,4,0,0,0,0,0,0,1,0,1
115296,284,120,164,1,0,1,30,11,19,13,7,6,39,16,23,0,0,0.0,174,75,99,0,0,0,9,4,5,18,7,11
115393,163,81,82,3,2,1,17,10,7,5,2,3,53,22,31,0,0,0.0,81,42,39,1,1,0,3,2,1,0,0,0
115409,111,67,44,0,0,0,17,9,8,3,1,2,9,8,1,0,0,0.0,72,43,29,2,1,1,8,5,3,0,0,0
115728,33,10,23,0,0,0,9,3,6,1,0,1,0,0,0,0,0,0.0,13,6,7,0,0,0,10,1,9,0,0,0
115746,35,15,20,0,0,0,0,0,0,2,0,2,2,1,1,0,0,0.0,30,14,16,1,0,1,0,0,0,0,0,0
115755,275,129,146,7,0,7,10,6,4,6,3,3,14,3,11,0,0,0.0,192,96,96,2,1,1,36,17,19,8,3,5
115773,9,3,6,0,0,0,0,0,0,0,0,0,1,0,1,0,0,0.0,8,3,5,0,0,0,0,0,0,0,0,0
115861,180,75,105,0,0,0,9,5,4,7,3,4,98,31,67,0,0,0.0,62,33,29,2,2,0,2,1,1,0,0,0
115931,14,9,5,0,0,0,2,0,2,0,0,0,2,1,1,0,0,0.0,7,6,1,0,0,0,3,2,1,0,0,0
116439,157,81,76,2,2,0,17,9,8,5,1,4,23,14,9,7,3,0.0,90,44,46,2,1,1,10,6,4,1,1,0
116846,10,7,3,0,0,0,0,0,0,0,0,0,0,0,0,0,0,0.0,10,7,3,0,0,0,0,0,0,0,0,0
117052,148,74,74,0,0,0,10,5,5,4,4,0,42,20,22,1,0,0.0,81,42,39,2,0,2,8,3,5,0,0,0
117104,17,11,6,0,0,0,1,0,1,2,2,0,4,4,0,0,0,0.0,9,5,4,1,0,1,0,0,0,0,0,0
117140,222,113,109,1,1,0,29,9,20,11,6,5,34,17,17,1,1,0.0,110,61,49,0,0,0,36,18,18,0,0,0
117168,25,19,6,0,0,0,2,1,1,0,0,0,1,1,0,0,0,0.0,15,11,4,1,1,0,6,5,1,0,0,0
117195,33,14,19,0,0,0,2,0,2,0,0,0,4,0,4,0,0,0.0,24,14,10,1,0,1,2,0,2,0,0,0
117247,129,57,72,0,0,0,23,5,18,25,12,13,16,9,7,0,0,0.0,57,29,28,3,0,3,5,2,3,0,0,0
117274,48,24,24,1,1,0,3,1,2,0,0,0,4,2,2,0,0,0.0,37,18,19,0,0,0,3,2,1,0,0,0
117520,87,53,34,0,0,0,8,3,5,2,2,0,3,0,3,1,0,0.0,60,42,18,6,2,4,7,4,3,0,0,0
117557,9,6,3,0,0,0,1,1,0,0,0,0,0,0,0,0,0,0.0,8,5,3,0,0,0,0,0,0,0,0,0
117575,5,5,0,0,0,0,2,2,0,1,1,0,0,0,0,0,0,0.0,2,2,0,0,0,0,0,0,0,0,0,0
117627,97,53,44,1,1,0,16,8,8,2,1,1,16,10,6,0,0,0.0,47,22,25,0,0,0,0,0,0,15,11,4
117636,377,156,221,0,0,0,71,23,48,28,13,15,40,19,21,1,1,0.0,211,88,123,7,3,4,0,0,0,19,9,10
117645,342,153,189,1,1,0,40,15,25,30,12,18,77,36,41,2,2,0.0,180,80,100,0,0,0,0,0,0,12,7,5
117672,52,33,19,0,0,0,9,8,1,3,0,3,10,8,2,0,0,0.0,17,10,7,4,2,2,9,5,4,0,0,0
117681,11,3,8,0,0,0,0,0,0,2,1,1,2,0,2,0,0,0.0,6,2,4,0,0,0,1,0,1,0,0,0
117690,80,36,44,0,0,0,14,7,7,11,4,7,17,6,11,0,0,0.0,24,11,13,0,0,0,14,8,6,0,0,0
117706,218,88,130,1,0,1,29,11,18,17,6,11,24,10,14,0,0,0.0,123,46,77,2,1,1,22,14,8,0,0,0
117715,74,25,49,0,0,0,3,2,1,36,11,25,10,3,7,0,0,0.0,11,7,4,0,0,0,14,2,12,0,0,0
117724,161,88,73,1,0,1,16,6,10,31,13,18,37,22,15,0,0,0.0,37,23,14,1,1,0,38,23,15,0,0,0
117733,178,83,95,2,2,0,17,3,14,12,8,4,35,13,22,0,0,0.0,99,48,51,1,0,1,11,8,3,1,1,0
117751,73,62,11,0,0,0,3,2,1,1,1,0,1,1,0,0,0,0.0,67,57,10,1,1,0,0,0,0,0,0,0
117788,153,66,87,0,0,0,20,7,13,7,3,4,24,12,12,0,0,0.0,66,30,36,1,1,0,35,13,22,0,0,0
117803,25,4,21,0,0,0,5,0,5,3,0,3,10,2,8,0,0,0.0,7,2,5,0,0,0,0,0,0,0,0,0
117867,98,45,53,1,0,1,9,1,8,6,3,3,33,14,19,0,0,0.0,40,22,18,0,0,0,7,3,4,2,2,0
117894,145,66,79,1,0,1,13,4,9,18,8,10,27,14,13,0,0,0.0,76,36,40,3,2,1,7,2,5,0,0,0
117946,634,310,324,2,0,2,91,42,49,43,15,28,53,24,29,1,0,0.0,356,183,173,9,2,7,64,35,29,15,9,6
118198,18,6,12,1,0,1,2,1,1,1,0,1,2,1,1,0,0,0.0,12,4,8,0,0,0,0,0,0,0,0,0
118347,122,52,70,0,0,0,3,1,2,4,3,1,11,6,5,0,0,0.0,72,28,44,4,3,1,27,10,17,1,1,0
118684,61,32,29,0,0,0,2,1,1,0,0,0,12,5,7,0,0,0.0,42,23,19,1,0,1,3,3,0,1,0,1
118693,26,13,13,0,0,0,7,1,6,1,0,1,2,2,0,0,0,0.0,11,7,4,2,2,0,3,1,2,0,0,0
118718,188,80,108,1,0,1,13,6,7,11,5,6,32,9,23,0,0,0.0,117,53,64,3,1,2,9,5,4,2,1,1
118772,63,26,37,0,0,0,4,2,2,22,8,14,9,4,5,0,0,0.0,18,9,9,6,1,5,4,2,2,0,0,0
118912,175,74,101,1,0,1,14,5,9,11,7,4,41,17,24,2,0,0.0,91,37,54,0,0,0,13,8,5,2,0,2
118930,169,63,106,0,0,0,37,12,25,8,3,5,19,7,12,0,0,0.0,91,34,57,0,0,0,5,2,3,9,5,4
118976,257,117,140,3,1,2,12,2,10,14,5,9,33,12,21,1,0,0.0,182,93,89,2,0,2,9,4,5,1,0,1
119058,63,31,32,0,0,0,11,2,9,0,0,0,4,3,1,0,0,0.0,32,18,14,0,0,0,11,7,4,5,1,4
119067,132,58,74,2,1,1,13,6,7,6,4,2,14,4,10,3,0,0.0,80,39,41,2,2,0,0,0,0,12,2,10
119137,161,72,89,1,1,0,12,5,7,3,1,2,22,15,7,0,0,0.0,107,43,64,5,2,3,9,5,4,2,0,2
119164,442,200,242,1,1,0,56,24,32,18,11,7,99,36,63,3,2,0.0,195,93,102,15,7,8,51,24,27,4,2,2
119173,128,36,92,0,0,0,24,6,18,7,2,5,16,4,12,0,0,0.0,75,23,52,6,1,5,0,0,0,0,0,0
119216,184,87,97,3,2,1,12,3,9,8,3,5,49,21,28,1,0,0.0,102,53,49,1,0,1,8,5,3,0,0,0
119270,109,83,26,3,3,0,9,4,5,5,2,3,4,2,2,5,0,0.0,68,60,8,7,6,1,8,6,2,0,0,0
119331,104,35,69,3,0,3,7,0,7,6,0,6,25,8,17,0,0,0.0,61,27,34,1,0,1,1,0,1,0,0,0
119605,336,145,191,2,1,1,20,11,9,33,11,22,23,12,11,0,0,0.0,225,97,128,5,1,4,28,12,16,0,0,0
119678,274,223,51,1,1,0,22,14,8,3,2,1,10,8,2,2,2,0.0,234,195,39,1,1,0,1,0,1,0,0,0
119775,21,13,8,0,0,0,0,0,0,2,1,1,2,2,0,0,0,0.0,16,9,7,1,1,0,0,0,0,0,0,0
120078,11,5,6,0,0,0,0,0,0,1,0,1,6,2,4,0,0,0.0,3,2,1,0,0,0,1,1,0,0,0,0
120166,4,4,0,0,0,0,2,2,0,0,0,0,0,0,0,0,0,0.0,2,2,0,0,0,0,0,0,0,0,0,0
120184,8,3,5,0,0,0,1,0,1,0,0,0,0,0,0,0,0,0.0,7,3,4,0,0,0,0,0,0,0,0,0
120254,194,98,96,0,0,0,33,12,21,15,9,6,21,14,7,0,0,0.0,105,51,54,2,1,1,17,10,7,1,1,0
120290,115,51,64,1,1,0,28,15,13,6,1,5,19,9,10,0,0,0.0,52,22,30,2,1,1,6,1,5,1,1,0
120342,262,126,136,0,0,0,29,12,17,8,3,5,34,17,17,0,0,0.0,176,87,89,3,1,2,3,1,2,9,5,4
120403,45,16,29,1,1,0,6,2,4,1,0,1,5,3,2,0,0,0.0,27,10,17,1,0,1,3,0,3,1,0,1
120421,83,41,42,0,0,0,8,1,7,5,4,1,26,12,14,1,0,0.0,38,22,16,1,0,1,1,0,1,3,2,1
120537,57,21,36,1,0,1,2,0,2,5,0,5,11,4,7,0,0,0.0,35,15,20,1,1,0,2,1,1,0,0,0
120661,18,5,13,0,0,0,2,0,2,3,0,3,6,2,4,0,0,0.0,7,3,4,0,0,0,0,0,0,0,0,0
120698,47,15,32,0,0,0,5,0,5,3,0,3,4,3,1,0,0,0.0,35,12,23,0,0,0,0,0,0,0,0,0
120768,23,4,19,0,0,0,1,0,1,11,1,10,7,2,5,2,0,0.0,2,1,1,0,0,0,0,0,0,0,0,0
120795,7,4,3,0,0,0,2,0,2,1,1,0,1,1,0,0,0,0.0,2,2,0,1,0,1,0,0,0,0,0,0
120865,58,28,30,0,0,0,4,2,2,2,1,1,4,1,3,0,0,0.0,30,15,15,17,9,8,1,0,1,0,0,0
120883,430,228,202,1,0,1,87,41,46,12,3,9,32,17,15,2,0,0.0,273,156,117,4,2,2,5,4,1,14,5,9
120953,36,18,18,0,0,0,3,1,2,0,0,0,12,6,6,0,0,0.0,19,10,9,2,1,1,0,0,0,0,0,0
120971,287,137,150,3,2,1,24,13,11,11,4,7,43,18,25,0,0,0.0,186,93,93,8,3,5,12,4,8,0,0,0
121044,432,177,255,3,2,1,33,16,17,29,12,17,97,37,60,16,6,0.0,209,92,117,17,4,13,18,6,12,10,2,8
121150,421,228,193,0,0,0,42,25,17,27,10,17,31,12,19,1,0,0.0,301,173,128,9,3,6,4,4,0,6,1,5
121178,3,1,2,0,0,0,0,0,0,1,1,0,0,0,0,0,0,0.0,2,0,2,0,0,0,0,0,0,0,0,0
121257,95,40,55,0,0,0,10,5,5,5,2,3,15,6,9,0,0,0.0,42,18,24,2,0,2,19,8,11,2,1,1
121309,152,81,71,0,0,0,12,6,6,4,1,3,14,9,5,0,0,0.0,113,60,53,4,3,1,5,2,3,0,0,0
121345,233,117,116,0,0,0,35,13,22,15,7,8,31,18,13,0,0,0.0,107,54,53,4,3,1,40,22,18,1,0,1
121363,74,26,48,0,0,0,7,3,4,2,0,2,18,3,15,0,0,0.0,39,17,22,1,1,0,6,1,5,1,1,0
121619,237,110,127,0,0,0,37,17,20,7,3,4,63,29,34,0,0,0.0,116,55,61,0,0,0,10,5,5,4,1,3
121691,191,86,105,1,1,0,25,12,13,8,4,4,12,5,7,0,0,0.0,132,58,74,1,0,1,12,6,6,0,0,0
121707,76,40,36,1,0,1,1,0,1,1,0,1,7,3,4,0,0,0.0,64,35,29,1,1,0,1,1,0,0,0,0
121886,203,101,102,1,1,0,24,11,13,7,4,3,73,31,42,1,0,0.0,84,51,33,3,2,1,4,0,4,6,1,5
121901,269,121,148,0,0,0,16,8,8,20,10,10,55,23,32,0,0,0.0,163,73,90,6,2,4,1,1,0,8,4,4
122180,275,125,150,3,2,1,28,14,14,24,14,10,36,18,18,1,0,0.0,159,65,94,14,6,8,10,6,4,0,0,0
122205,244,96,148,1,1,0,16,4,12,3,1,2,31,13,18,6,3,0.0,166,62,104,0,0,0,21,12,9,0,0,0
122296,182,51,131,0,0,0,18,6,12,18,4,14,9,3,6,1,1,0.0,130,36,94,6,1,5,0,0,0,0,0,0
122339,181,71,110,2,1,1,16,6,10,17,5,12,31,13,18,0,0,0.0,91,35,56,0,0,0,24,11,13,0,0,0
122375,254,109,145,3,2,1,32,6,26,18,8,10,35,20,15,1,1,0.0,132,56,76,0,0,0,33,16,17,0,0,0
122384,144,75,69,1,1,0,17,9,8,4,3,1,19,10,9,0,0,0.0,83,41,42,0,0,0,20,11,9,0,0,0
122409,1016,526,490,7,4,3,137,68,69,40,22,18,135,73,62,0,0,0.0,576,299,277,16,9,7,55,24,31,50,27,23
122436,513,252,261,2,1,1,54,23,31,26,15,11,56,27,29,0,0,0.0,343,167,176,8,3,5,10,7,3,14,9,5
122506,28,21,7,0,0,0,2,1,1,1,1,0,2,2,0,0,0,0.0,22,16,6,1,1,0,0,0,0,0,0,0
122597,827,378,449,14,7,7,201,80,121,35,15,20,60,24,36,4,3,0.0,429,221,208,13,5,8,39,11,28,32,12,20
122612,445,205,240,1,0,1,75,30,45,23,9,14,50,24,26,1,1,0.0,236,110,126,17,12,5,36,15,21,6,4,2
122649,6,2,4,0,0,0,0,0,0,0,0,0,1,0,1,0,0,0.0,5,2,3,0,0,0,0,0,0,0,0,0
122658,278,134,144,1,1,0,28,16,12,20,8,12,44,16,28,3,3,0.0,124,62,62,0,0,0,58,28,30,0,0,0
122685,48,9,39,0,0,0,1,1,0,2,0,2,13,5,8,0,0,0.0,28,2,26,2,1,1,2,0,2,0,0,0
122694,19,7,12,0,0,0,2,1,1,2,0,2,6,2,4,0,0,0.0,8,3,5,0,0,0,1,1,0,0,0,0
122728,45,31,14,0,0,0,1,1,0,4,2,2,1,1,0,0,0,0.0,35,24,11,1,0,1,3,3,0,0,0,0
122746,140,53,87,1,1,0,32,6,26,8,6,2,44,21,23,0,0,0.0,45,18,27,5,1,4,4,0,4,1,0,1
122755,893,425,468,6,4,2,206,88,118,31,16,15,71,41,30,2,1,0.0,423,196,227,15,10,5,93,40,53,46,29,17
122782,1,0,1,0,0,0,0,0,0,0,0,0,0,0,0,0,0,0.0,0,0,0,0,0,0,1,0,1,0,0,0
122791,150,66,84,0,0,0,30,9,21,9,3,6,28,15,13,2,1,0.0,73,34,39,1,1,0,5,3,2,2,0,2
122889,228,103,125,5,3,2,9,5,4,7,3,4,44,21,23,0,0,0.0,145,62,83,0,0,0,7,3,4,11,6,5
122931,614,311,303,0,0,0,122,61,61,25,11,14,56,29,27,1,1,0.0,375,196,179,8,2,6,27,11,16,0,0,0
122977,355,149,206,0,0,0,38,13,25,38,15,23,59,23,36,1,0,0.0,162,78,84,5,1,4,7,2,5,45,17,28
123013,308,130,178,3,1,2,24,14,10,6,5,1,42,21,21,0,0,0.0,212,78,134,9,2,7,12,9,3,0,0,0
123095,55,19,36,1,0,1,3,2,1,9,5,4,3,2,1,0,0,0.0,34,10,24,1,0,1,4,0,4,0,0,0
123165,110,47,63,0,0,0,16,8,8,3,0,3,12,4,8,3,2,0.0,54,28,26,3,0,3,8,2,6,11,3,8
123217,225,110,115,1,0,1,11,6,5,6,5,1,61,25,36,1,1,0.0,133,67,66,3,1,2,9,5,4,0,0,0
123299,127,71,56,0,0,0,6,4,2,2,1,1,11,7,4,0,0,0.0,107,59,48,0,0,0,0,0,0,1,0,1
123341,236,94,142,4,1,3,13,6,7,6,3,3,21,10,11,1,0,0.0,162,61,101,6,4,2,20,8,12,3,1,2
123448,5,4,1,0,0,0,1,1,0,0,0,0,0,0,0,0,0,0.0,2,2,0,2,1,1,0,0,0,0,0,0
123457,37,21,16,1,1,0,2,2,0,2,1,1,3,2,1,0,0,0.0,28,14,14,1,1,0,0,0,0,0,0,0
123484,35,16,19,0,0,0,1,0,1,1,0,1,2,0,2,0,0,0.0,30,16,14,0,0,0,1,0,1,0,0,0
123509,147,67,80,1,1,0,30,14,16,18,10,8,27,12,15,0,0,0.0,60,25,35,0,0,0,10,5,5,1,0,1
123527,180,83,97,1,1,0,19,11,8,35,15,20,45,22,23,2,2,0.0,75,31,44,0,0,0,3,1,2,0,0,0
123554,205,82,123,0,0,0,29,8,21,12,3,9,15,4,11,0,0,0.0,90,43,47,0,0,0,55,22,33,4,2,2
123563,134,55,79,0,0,0,12,3,9,15,5,10,16,8,8,1,1,0.0,90,38,52,0,0,0,0,0,0,0,0,0
123572,233,116,117,0,0,0,30,17,13,2,1,1,27,14,13,0,0,0.0,149,75,74,3,0,3,14,5,9,8,4,4
123633,11,6,5,0,0,0,7,4,3,0,0,0,0,0,0,0,0,0.0,4,2,2,0,0,0,0,0,0,0,0,0
123651,85,40,45,0,0,0,9,4,5,2,2,0,9,3,6,1,0,0.0,63,30,33,1,1,0,0,0,0,0,0,0
123679,29,6,23,1,0,1,4,1,3,0,0,0,7,1,6,0,0,0.0,14,3,11,2,0,2,1,1,0,0,0,0
123800,219,93,126,2,1,1,18,12,6,12,10,2,49,13,36,6,2,0.0,116,47,69,0,0,0,15,8,7,1,0,1
123916,18,4,14,0,0,0,0,0,0,2,0,2,2,1,1,0,0,0.0,13,2,11,1,1,0,0,0,0,0,0,0
123943,70,25,45,0,0,0,32,10,22,0,0,0,4,2,2,1,0,0.0,24,10,14,3,0,3,6,3,3,0,0,0
123952,48,29,19,0,0,0,5,1,4,3,2,1,3,3,0,0,0,0.0,26,18,8,1,1,0,1,0,1,9,4,5
123961,2430,1427,1003,8,4,4,349,215,134,129,54,75,165,85,80,0,0,0.0,1482,902,580,61,31,30,156,91,65,80,45,35
123970,59,29,30,1,1,0,6,2,4,4,1,3,6,2,4,0,0,0.0,40,22,18,1,0,1,0,0,0,1,1,0
124113,49,23,26,1,1,0,1,1,0,3,2,1,5,2,3,1,0,0.0,37,17,20,0,0,0,1,0,1,0,0,0
124283,14,9,5,0,0,0,5,1,4,0,0,0,1,0,1,0,0,0.0,2,2,0,0,0,0,6,6,0,0,0,0
124292,53,49,4,0,0,0,1,1,0,0,0,0,2,2,0,0,0,0.0,45,41,4,3,3,0,0,0,0,2,2,0
124487,7,5,2,0,0,0,0,0,0,1,0,1,0,0,0,0,0,0.0,6,5,1,0,0,0,0,0,0,0,0,0
124557,253,129,124,0,0,0,20,12,8,6,3,3,16,6,10,0,0,0.0,180,92,88,3,1,2,6,2,4,22,13,9
124706,35,8,27,0,0,0,4,1,3,5,1,4,11,1,10,0,0,0.0,11,4,7,3,1,2,1,0,1,0,0,0
124937,18,7,11,0,0,0,5,2,3,4,1,3,3,2,1,0,0,0.0,6,2,4,0,0,0,0,0,0,0,0,0
125028,137,66,71,0,0,0,11,4,7,1,0,1,22,10,12,0,0,0.0,88,47,41,1,0,1,12,4,8,2,1,1
125091,93,53,40,3,3,0,6,3,3,3,2,1,15,6,9,0,0,0.0,66,39,27,0,0,0,0,0,0,0,0,0
125170,65,32,33,0,0,0,11,4,7,4,1,3,13,6,7,0,0,0.0,31,16,15,1,1,0,5,4,1,0,0,0
125231,235,58,177,0,0,0,8,4,4,58,11,47,7,1,6,0,0,0.0,147,37,110,5,3,2,10,2,8,0,0,0
125462,33,20,13,0,0,0,0,0,0,3,3,0,5,4,1,1,1,0.0,23,11,12,0,0,0,1,1,0,0,0,0
125471,103,41,62,0,0,0,13,7,6,17,10,7,16,4,12,1,0,0.0,36,14,22,0,0,0,19,6,13,1,0,1
125499,159,68,91,0,0,0,19,9,10,4,3,1,30,13,17,0,0,0.0,91,38,53,3,1,2,6,3,3,6,1,5
125532,36,4,32,2,1,1,5,0,5,0,0,0,6,2,4,1,0,0.0,17,1,16,1,0,1,4,0,4,0,0,0
125718,11,11,0,0,0,0,1,1,0,0,0,0,0,0,0,0,0,0.0,9,9,0,0,0,0,0,0,0,1,1,0
125727,103,55,48,1,0,1,13,8,5,5,0,5,5,2,3,0,0,0.0,79,45,34,0,0,0,0,0,0,0,0,0
125763,103,53,50,1,0,1,12,6,6,1,1,0,20,11,9,0,0,0.0,60,30,30,2,2,0,1,0,1,6,3,3
125897,63,37,26,0,0,0,9,5,4,1,0,1,4,2,2,0,0,0.0,45,27,18,0,0,0,4,3,1,0,0,0
126012,22,3,19,0,0,0,6,2,4,5,0,5,0,0,0,0,0,0.0,9,1,8,2,0,2,0,0,0,0,0,0
126049,7,4,3,0,0,0,0,0,0,0,0,0,1,0,1,0,0,0.0,6,4,2,0,0,0,0,0,0,0,0,0
126100,10,8,2,1,1,0,1,0,1,0,0,0,0,0,0,0,0,0.0,7,6,1,0,0,0,1,1,0,0,0,0
126119,85,43,42,0,0,0,8,3,5,1,1,0,6,4,2,0,0,0.0,62,31,31,1,0,1,6,3,3,1,1,0
126182,109,52,57,1,1,0,3,3,0,2,1,1,17,6,11,0,0,0.0,78,37,41,0,0,0,4,2,2,4,2,2
126207,127,59,68,1,0,1,3,1,2,2,1,1,3,2,1,0,0,0.0,99,49,50,1,0,1,18,6,12,0,0,0
126289,114,46,68,0,0,0,2,1,1,0,0,0,8,5,3,0,0,0.0,96,36,60,1,0,1,7,4,3,0,0,0
126359,9,2,7,0,0,0,0,0,0,0,0,0,0,0,0,0,0,0.0,8,2,6,1,0,1,0,0,0,0,0,0
126562,4980,1948,3032,14,6,8,393,180,213,60,21,39,273,110,163,4,1,0.0,3307,1277,2030,49,17,32,829,308,521,51,28,23
126580,541,268,273,6,2,4,54,26,28,13,5,8,30,14,16,2,0,0.0,378,190,188,0,0,0,29,12,17,29,19,10
126605,25,24,1,1,1,0,0,0,0,2,2,0,2,2,0,1,1,0.0,18,17,1,0,0,0,1,1,0,0,0,0
126614,1641,968,673,7,4,3,157,84,73,44,26,18,105,64,41,4,2,0.0,1081,655,426,17,5,12,184,102,82,42,26,16
126669,118,68,50,0,0,0,5,1,4,2,2,0,5,2,3,0,0,0.0,104,63,41,2,0,2,0,0,0,0,0,0
126678,213,101,112,2,0,2,17,4,13,9,5,4,31,17,14,0,0,0.0,106,36,70,34,31,3,5,2,3,9,6,3
126687,28,6,22,1,0,1,2,0,2,2,0,2,4,1,3,0,0,0.0,18,5,13,1,0,1,0,0,0,0,0,0
126711,119,57,62,0,0,0,2,1,1,0,0,0,9,6,3,0,0,0.0,98,44,54,2,1,1,8,5,3,0,0,0
126748,30,10,20,0,0,0,0,0,0,0,0,0,1,0,1,0,0,0.0,29,10,19,0,0,0,0,0,0,0,0,0
126775,341,224,117,1,1,0,42,28,14,4,3,1,15,13,2,1,0,0.0,250,165,85,4,1,3,13,5,8,11,8,3
126784,5,5,0,0,0,0,0,0,0,0,0,0,0,0,0,0,0,0.0,4,4,0,0,0,0,1,1,0,0,0,0
126818,1645,889,756,6,1,5,137,76,61,15,8,7,89,34,55,1,1,0.0,1234,668,566,23,11,12,41,23,18,99,67,32
126827,55,19,36,0,0,0,2,1,1,11,3,8,1,0,1,0,0,0.0,39,13,26,0,0,0,2,2,0,0,0,0
126863,59,28,31,1,1,0,7,5,2,3,2,1,2,2,0,0,0,0.0,46,18,28,0,0,0,0,0,0,0,0,0
126942,103,45,58,0,0,0,9,4,5,3,1,2,6,1,5,0,0,0.0,81,37,44,3,1,2,1,1,0,0,0,0
126951,48,46,2,0,0,0,0,0,0,2,2,0,5,4,1,1,1,0.0,40,39,1,0,0,0,0,0,0,0,0,0
126979,30,16,14,0,0,0,1,1,0,4,2,2,0,0,0,0,0,0.0,25,13,12,0,0,0,0,0,0,0,0,0
127060,772,383,389,7,0,7,57,27,30,28,16,12,53,27,26,1,1,0.0,527,256,271,19,9,10,51,31,20,29,16,13
127185,216,109,107,13,4,9,7,6,1,0,0,0,14,9,5,0,0,0.0,168,83,85,3,2,1,7,3,4,4,2,2
127200,241,99,142,0,0,0,11,4,7,5,2,3,20,5,15,0,0,0.0,202,87,115,1,0,1,2,1,1,0,0,0
127273,14,8,6,0,0,0,1,1,0,1,1,0,3,2,1,0,0,0.0,9,4,5,0,0,0,0,0,0,0,0,0
127389,19,9,10,1,1,0,1,1,0,0,0,0,1,0,1,0,0,0.0,16,7,9,0,0,0,0,0,0,0,0,0
127556,325,173,152,0,0,0,7,2,5,2,1,1,10,6,4,0,0,0.0,255,129,126,1,0,1,37,23,14,13,12,1
127565,571,275,296,4,2,2,54,27,27,30,16,14,52,28,24,1,1,0.0,412,193,219,7,3,4,11,5,6,0,0,0
127617,38,19,19,0,0,0,0,0,0,1,1,0,3,1,2,0,0,0.0,34,17,17,0,0,0,0,0,0,0,0,0
127653,68,24,44,0,0,0,3,1,2,8,4,4,4,1,3,0,0,0.0,36,15,21,1,0,1,16,3,13,0,0,0
127714,7,6,1,0,0,0,0,0,0,1,1,0,0,0,0,0,0,0.0,6,5,1,0,0,0,0,0,0,0,0,0
127732,39,14,25,0,0,0,0,0,0,0,0,0,0,0,0,0,0,0.0,39,14,25,0,0,0,0,0,0,0,0,0
127741,397,188,209,3,2,1,15,8,7,7,6,1,20,10,10,2,0,0.0,296,132,164,6,3,3,29,16,13,19,11,8
127778,27,14,13,0,0,0,0,0,0,0,0,0,3,2,1,0,0,0.0,24,12,12,0,0,0,0,0,0,0,0,0
127820,186,74,112,0,0,0,5,2,3,9,1,8,11,3,8,0,0,0.0,156,65,91,5,3,2,0,0,0,0,0,0
127884,88,34,54,1,0,1,3,3,0,0,0,0,15,4,11,0,0,0.0,68,26,42,0,0,0,1,1,0,0,0,0
127909,93,36,57,1,0,1,7,5,2,0,0,0,6,4,2,0,0,0.0,77,27,50,0,0,0,2,0,2,0,0,0
127918,302,119,183,1,1,0,9,3,6,7,3,4,23,10,13,0,0,0.0,258,101,157,1,0,1,2,1,1,1,0,1
127945,62,35,27,1,1,0,3,0,3,0,0,0,4,2,2,0,0,0.0,52,31,21,1,1,0,1,0,1,0,0,0
128106,178,98,80,0,0,0,20,12,8,7,5,2,20,10,10,0,0,0.0,124,67,57,0,0,0,7,4,3,0,0,0
128179,24,17,7,1,1,0,0,0,0,4,3,1,2,0,2,0,0,0.0,14,10,4,2,2,0,1,1,0,0,0,0
128188,56,25,31,1,0,1,0,0,0,2,1,1,15,5,10,0,0,0.0,28,11,17,4,4,0,6,4,2,0,0,0
128258,33,19,14,0,0,0,0,0,0,0,0,0,6,3,3,0,0,0.0,26,15,11,1,1,0,0,0,0,0,0,0
128328,199,141,58,0,0,0,13,9,4,8,4,4,0,0,0,0,0,0.0,164,121,43,8,2,6,6,5,1,0,0,0
128391,136,77,59,0,0,0,4,1,3,1,1,0,8,5,3,0,0,0.0,117,67,50,5,2,3,1,1,0,0,0,0
128498,49,23,26,0,0,0,5,2,3,4,2,2,2,0,2,0,0,0.0,38,19,19,0,0,0,0,0,0,0,0,0
128577,42,28,14,0,0,0,0,0,0,4,3,1,4,3,1,0,0,0.0,34,22,12,0,0,0,0,0,0,0,0,0
128744,146,75,71,0,0,0,17,13,4,5,2,3,9,4,5,0,0,0.0,112,54,58,2,2,0,1,0,1,0,0,0
128771,392,220,172,1,1,0,54,37,17,22,9,13,22,11,11,0,0,0.0,270,147,123,3,2,1,3,3,0,17,10,7
128902,203,102,101,0,0,0,18,5,13,8,2,6,11,3,8,0,0,0.0,150,85,65,0,0,0,3,1,2,13,6,7
129020,2113,1137,976,6,3,3,367,211,156,61,26,35,108,63,45,1,0,0.0,1282,680,602,23,10,13,141,72,69,124,72,52
129154,80,28,52,1,0,1,5,2,3,5,3,2,4,1,3,0,0,0.0,61,22,39,1,0,1,3,0,3,0,0,0
129215,167,90,77,1,1,0,20,8,12,15,10,5,12,8,4,0,0,0.0,109,61,48,2,0,2,0,0,0,8,2,6
129242,337,150,187,0,0,0,32,14,18,15,8,7,15,7,8,0,0,0.0,251,111,140,1,0,1,5,2,3,18,8,10
129367,64,27,37,1,0,1,3,2,1,11,5,6,7,4,3,0,0,0.0,42,16,26,0,0,0,0,0,0,0,0,0
129428,5,4,1,0,0,0,1,1,0,0,0,0,1,1,0,0,0,0.0,3,2,1,0,0,0,0,0,0,0,0,0
129491,8,4,4,0,0,0,1,0,1,0,0,0,0,0,0,0,0,0.0,6,3,3,0,0,0,1,1,0,0,0,0
129525,341,174,167,0,0,0,21,10,11,20,11,9,16,7,9,1,0,0.0,227,115,112,3,1,2,0,0,0,53,30,23
129534,8,6,2,0,0,0,0,0,0,0,0,0,0,0,0,0,0,0.0,8,6,2,0,0,0,0,0,0,0,0,0
129543,74,33,41,0,0,0,4,1,3,8,2,6,4,2,2,0,0,0.0,57,28,29,1,0,1,0,0,0,0,0,0
129695,86,30,56,0,0,0,2,2,0,5,2,3,6,1,5,1,0,0.0,51,14,37,1,0,1,20,11,9,0,0,0
129729,83,32,51,0,0,0,4,1,3,7,0,7,4,1,3,0,0,0.0,68,30,38,0,0,0,0,0,0,0,0,0
129756,40,20,20,0,0,0,5,2,3,1,0,1,2,1,1,0,0,0.0,30,17,13,0,0,0,2,0,2,0,0,0
129774,19,11,8,0,0,0,0,0,0,1,1,0,0,0,0,0,0,0.0,18,10,8,0,0,0,0,0,0,0,0,0
129808,58,22,36,1,1,0,2,0,2,4,2,2,2,0,2,0,0,0.0,48,18,30,0,0,0,1,1,0,0,0,0
129941,248,136,112,0,0,0,18,11,7,17,11,6,14,7,7,0,0,0.0,167,88,79,1,0,1,2,2,0,29,17,12
130004,78,34,44,0,0,0,3,2,1,6,2,4,3,1,2,0,0,0.0,65,29,36,0,0,0,1,0,1,0,0,0
130040,28,8,20,0,0,0,1,1,0,0,0,0,0,0,0,0,0,0.0,26,7,19,0,0,0,1,0,1,0,0,0
130110,12,8,4,0,0,0,0,0,0,0,0,0,0,0,0,0,0,0.0,12,8,4,0,0,0,0,0,0,0,0,0
130183,56,26,30,0,0,0,2,1,1,7,5,2,5,3,2,0,0,0.0,42,17,25,0,0,0,0,0,0,0,0,0
130217,30,14,16,1,0,1,2,1,1,2,2,0,0,0,0,0,0,0.0,23,11,12,0,0,0,2,0,2,0,0,0
130226,396,160,236,3,3,0,31,14,17,18,10,8,16,7,9,0,0,0.0,321,122,199,2,1,1,5,3,2,0,0,0
130253,352,134,218,0,0,0,24,13,11,13,6,7,15,4,11,0,0,0.0,270,97,173,2,0,2,15,7,8,13,7,6
130314,122,32,90,0,0,0,9,3,6,10,3,7,11,3,8,0,0,0.0,90,22,68,0,0,0,0,0,0,2,1,1
130396,93,37,56,0,0,0,4,2,2,10,6,4,7,3,4,0,0,0.0,70,26,44,2,0,2,0,0,0,0,0,0
130493,409,194,215,1,0,1,41,20,21,27,12,15,14,5,9,0,0,0.0,307,146,161,0,0,0,3,2,1,16,9,7
130590,240,127,113,0,0,0,26,15,11,16,7,9,20,11,9,0,0,0.0,165,88,77,0,0,0,0,0,0,13,6,7
130606,55,21,34,0,0,0,1,0,1,5,2,3,2,0,2,0,0,0.0,34,13,21,0,0,0,13,6,7,0,0,0
130624,96,51,45,3,1,2,6,5,1,1,1,0,4,2,2,0,0,0.0,78,41,37,1,0,1,1,0,1,2,1,1
130697,424,225,199,1,0,1,45,19,26,27,16,11,29,13,16,1,1,0.0,276,152,124,16,7,9,0,0,0,29,17,12
130776,194,92,102,0,0,0,22,12,10,10,6,4,9,4,5,0,0,0.0,142,63,79,1,0,1,10,7,3,0,0,0
130794,2795,1628,1167,1,1,0,443,253,190,147,59,88,139,70,69,3,1,0.0,1740,1054,686,24,14,10,89,50,39,209,126,83
130882,2,1,1,0,0,0,0,0,0,0,0,0,0,0,0,0,0,0.0,2,1,1,0,0,0,0,0,0,0,0,0
130907,379,133,246,3,0,3,12,5,7,32,10,22,9,4,5,0,0,0.0,320,112,208,3,2,1,0,0,0,0,0,0
130934,237,123,114,1,1,0,50,30,20,86,41,45,7,5,2,0,0,0.0,90,46,44,3,0,3,0,0,0,0,0,0
130943,1237,661,576,0,0,0,170,104,66,60,26,34,54,25,29,0,0,0.0,876,459,417,11,3,8,1,1,0,65,43,22
130989,19,11,8,0,0,0,2,1,1,1,1,0,0,0,0,0,0,0.0,16,9,7,0,0,0,0,0,0,0,0,0
131113,80,32,48,0,0,0,1,1,0,10,2,8,1,0,1,0,0,0.0,66,27,39,1,1,0,1,1,0,0,0,0
131159,853,416,437,3,1,2,78,30,48,82,32,50,41,19,22,0,0,0.0,619,323,296,1,1,0,8,4,4,21,6,15
131283,334,201,133,0,0,0,23,16,7,10,3,7,17,10,7,0,0,0.0,178,112,66,22,4,18,74,50,24,10,6,4
131399,227,107,120,5,3,2,17,11,6,106,39,67,8,7,1,18,9,0.0,59,32,27,2,2,0,12,4,8,0,0,0
131405,25,22,3,0,0,0,1,1,0,0,0,0,0,0,0,0,0,0.0,23,20,3,1,1,0,0,0,0,0,0,0
131450,180,74,106,1,0,1,29,10,19,20,10,10,13,6,7,1,1,0.0,109,45,64,7,2,5,0,0,0,0,0,0
131469,1295,678,617,2,2,0,216,120,96,93,32,61,60,28,32,0,0,0.0,891,484,407,3,2,1,28,10,18,2,0,2
131496,1305,680,625,2,0,2,101,49,52,78,28,50,43,20,23,0,0,0.0,747,409,338,14,5,9,111,61,50,209,108,101
131520,955,481,474,6,3,3,129,83,46,576,275,301,34,10,24,1,1,0.0,160,86,74,21,11,10,28,12,16,0,0,0
131803,182,67,115,1,0,1,6,4,2,45,14,31,4,1,3,0,0,0.0,108,39,69,2,1,1,16,8,8,0,0,0
131876,56,12,44,0,0,0,3,1,2,27,6,21,3,1,2,0,0,0.0,21,4,17,2,0,2,0,0,0,0,0,0
131973,17,8,9,0,0,0,3,2,1,5,2,3,1,0,1,0,0,0.0,8,4,4,0,0,0,0,0,0,0,0,0
132408,20,12,8,0,0,0,0,0,0,1,0,1,0,0,0,0,0,0.0,19,12,7,0,0,0,0,0,0,0,0,0
132471,272,120,152,0,0,0,17,9,8,31,10,21,51,26,25,0,0,0.0,144,63,81,2,0,2,21,8,13,6,4,2
132602,140,77,63,0,0,0,12,9,3,83,45,38,8,5,3,0,0,0.0,28,12,16,5,5,0,4,1,3,0,0,0
132657,133,77,56,0,0,0,2,2,0,5,4,1,11,7,4,1,0,0.0,82,45,37,2,1,1,30,18,12,0,0,0
132693,236,107,129,1,1,0,8,4,4,22,10,12,7,2,5,0,0,0.0,195,87,108,3,3,0,0,0,0,0,0,0
132709,349,162,187,4,0,4,24,15,9,54,17,37,73,37,36,0,0,0.0,166,80,86,0,0,0,27,12,15,1,1,0
132842,23,8,15,0,0,0,0,0,0,2,0,2,14,4,10,0,0,0.0,7,4,3,0,0,0,0,0,0,0,0,0
132851,115,41,74,0,0,0,6,4,2,9,4,5,4,2,2,0,0,0.0,95,31,64,1,0,1,0,0,0,0,0,0
132879,11,5,6,0,0,0,1,0,1,0,0,0,0,0,0,0,0,0.0,9,5,4,1,0,1,0,0,0,0,0,0
132903,1574,884,690,4,3,1,243,166,77,77,30,47,132,61,71,0,0,0.0,1060,582,478,16,11,5,9,7,2,33,24,9
133021,41,20,21,1,0,1,0,0,0,2,2,0,1,1,0,0,0,0.0,37,17,20,0,0,0,0,0,0,0,0,0
133386,223,114,109,1,0,1,6,6,0,17,6,11,17,10,7,0,0,0.0,179,89,90,0,0,0,1,1,0,2,2,0
133465,18,4,14,0,0,0,0,0,0,6,2,4,2,1,1,0,0,0.0,9,1,8,0,0,0,1,0,1,0,0,0
133492,173,82,91,0,0,0,7,4,3,2,1,1,10,3,7,0,0,0.0,138,62,76,5,3,2,6,5,1,5,4,1
133508,194,90,104,3,1,2,9,5,4,11,3,8,9,7,2,0,0,0.0,153,67,86,0,0,0,6,4,2,3,3,0
133526,46,28,18,0,0,0,8,5,3,27,15,12,1,1,0,0,0,0.0,10,7,3,0,0,0,0,0,0,0,0,0
133553,369,253,116,0,0,0,47,33,14,8,5,3,26,18,8,1,1,0.0,258,176,82,1,0,1,10,6,4,18,14,4
133650,558,290,268,1,0,1,31,24,7,351,155,196,17,9,8,0,0,0.0,87,53,34,12,11,1,0,0,0,59,38,21
133669,857,453,404,1,0,1,113,84,29,75,23,52,82,35,47,0,0,0.0,553,295,258,2,0,2,0,0,0,31,16,15
133702,327,151,176,0,0,0,16,8,8,35,14,21,16,6,10,0,0,0.0,251,117,134,6,4,2,2,2,0,1,0,1
133711,134,60,74,0,0,0,6,3,3,6,1,5,4,2,2,0,0,0.0,106,47,59,3,1,2,9,6,3,0,0,0
133809,45,27,18,0,0,0,0,0,0,0,0,0,2,1,1,0,0,0.0,42,25,17,0,0,0,0,0,0,1,1,0
133845,21,3,18,0,0,0,0,0,0,7,2,5,2,0,2,0,0,0.0,12,1,11,0,0,0,0,0,0,0,0,0
133854,10,1,9,0,0,0,0,0,0,3,0,3,4,0,4,0,0,0.0,3,1,2,0,0,0,0,0,0,0,0,0
133863,12,2,10,0,0,0,0,0,0,5,1,4,2,0,2,0,0,0.0,4,1,3,0,0,0,1,0,1,0,0,0
133872,93,28,65,0,0,0,6,1,5,17,7,10,11,2,9,0,0,0.0,57,18,39,2,0,2,0,0,0,0,0,0
133881,254,194,60,4,4,0,42,35,7,4,2,2,18,10,8,0,0,0.0,139,101,38,0,0,0,34,31,3,13,11,2
133951,1417,785,632,7,5,2,213,142,71,100,35,65,314,151,163,1,1,0.0,682,391,291,9,4,5,0,0,0,91,56,35
133960,25,11,14,0,0,0,0,0,0,2,1,1,2,2,0,0,0,0.0,16,6,10,0,0,0,4,1,3,1,1,0
133979,40,24,16,0,0,0,6,4,2,20,10,10,9,7,2,0,0,0.0,5,3,2,0,0,0,0,0,0,0,0,0
133997,4,1,3,0,0,0,0,0,0,1,1,0,2,0,2,0,0,0.0,1,0,1,0,0,0,0,0,0,0,0,0
134079,163,78,85,0,0,0,4,1,3,7,2,5,14,8,6,0,0,0.0,136,67,69,2,0,2,0,0,0,0,0,0
134097,1644,939,705,1,1,0,204,127,77,88,37,51,99,50,49,1,1,0.0,1131,653,478,31,15,16,25,18,7,64,37,27
134130,3063,1821,1242,5,1,4,399,250,149,137,51,86,237,143,94,1,1,0.0,2054,1232,822,33,23,10,64,42,22,133,78,55
134237,752,551,201,2,1,1,13,5,8,58,37,21,80,64,16,5,4,0.0,571,424,147,20,13,7,3,3,0,0,0,0
134343,133,48,85,1,0,1,1,0,1,6,2,4,3,0,3,0,0,0.0,122,46,76,0,0,0,0,0,0,0,0,0
134495,312,130,182,4,3,1,16,3,13,30,13,17,22,8,14,0,0,0.0,239,102,137,1,1,0,0,0,0,0,0,0
134510,7,5,2,0,0,0,0,0,0,0,0,0,1,1,0,0,0,0.0,6,4,2,0,0,0,0,0,0,0,0,0
134608,208,95,113,1,0,1,9,3,6,26,11,15,13,5,8,1,0,0.0,152,74,78,4,1,3,1,0,1,1,1,0
134811,11,9,2,0,0,0,2,1,1,0,0,0,2,2,0,0,0,0.0,4,4,0,2,2,0,1,0,1,0,0,0
134945,224,92,132,0,0,0,18,7,11,16,2,14,10,4,6,1,1,0.0,176,76,100,2,1,1,1,1,0,0,0,0
135081,1254,437,817,6,3,3,57,19,38,172,43,129,196,93,103,1,0,0.0,789,265,524,33,14,19,0,0,0,0,0,0
135160,74,28,46,0,0,0,1,0,1,7,4,3,6,4,2,0,0,0.0,60,20,40,0,0,0,0,0,0,0,0,0
135188,60,25,35,1,1,0,1,1,0,5,2,3,1,0,1,0,0,0.0,51,20,31,0,0,0,1,1,0,0,0,0
135364,20,19,1,0,0,0,0,0,0,0,0,0,1,1,0,0,0,0.0,19,18,1,0,0,0,0,0,0,0,0,0
135391,139,58,81,0,0,0,4,4,0,6,4,2,5,4,1,0,0,0.0,119,45,74,0,0,0,5,1,4,0,0,0
135717,703,329,374,1,0,1,36,20,16,125,42,83,338,172,166,0,0,0.0,189,93,96,9,0,9,5,2,3,0,0,0
135726,1485,930,555,2,2,0,172,113,59,70,32,38,249,134,115,0,0,0.0,911,600,311,14,8,6,26,15,11,41,26,15
136145,26,10,16,0,0,0,1,1,0,2,0,2,2,1,1,0,0,0.0,21,8,13,0,0,0,0,0,0,0,0,0
136172,573,274,299,0,0,0,59,34,25,27,6,21,29,13,16,1,0,0.0,409,196,213,12,5,7,1,1,0,35,19,16
136215,848,372,476,1,0,1,75,42,33,68,16,52,144,55,89,2,2,0.0,507,233,274,7,1,6,1,0,1,43,23,20
136233,80,37,43,0,0,0,2,2,0,7,4,3,6,4,2,0,0,0.0,59,25,34,4,2,2,0,0,0,2,0,2
136330,160,82,78,0,0,0,3,1,2,13,3,10,13,8,5,0,0,0.0,110,59,51,1,0,1,13,9,4,7,2,5
136358,307,132,175,2,0,2,20,10,10,50,23,27,34,14,20,0,0,0.0,190,79,111,3,2,1,7,4,3,1,0,1
136400,129,53,76,0,0,0,1,0,1,12,6,6,7,4,3,1,0,0.0,102,41,61,1,0,1,5,2,3,0,0,0
136473,147,61,86,1,0,1,6,4,2,9,1,8,3,0,3,0,0,0.0,119,52,67,7,4,3,2,0,2,0,0,0
136516,150,67,83,0,0,0,2,2,0,18,8,10,11,6,5,0,0,0.0,118,51,67,1,0,1,0,0,0,0,0,0
136701,15,12,3,0,0,0,1,1,0,0,0,0,5,4,1,0,0,0.0,8,6,2,0,0,0,0,0,0,1,1,0
136774,125,82,43,0,0,0,4,2,2,1,1,0,5,3,2,0,0,0.0,109,73,36,0,0,0,5,3,2,1,0,1
136950,217,106,111,0,0,0,11,5,6,14,8,6,21,9,12,0,0,0.0,154,75,79,2,2,0,3,1,2,12,6,6
137032,110,56,54,0,0,0,5,2,3,11,6,5,10,4,6,0,0,0.0,79,40,39,1,1,0,4,3,1,0,0,0
137078,322,131,191,0,0,0,13,8,5,40,14,26,23,7,16,0,0,0.0,239,101,138,3,1,2,4,0,4,0,0,0
137096,251,115,136,0,0,0,11,4,7,19,9,10,24,11,13,0,0,0.0,187,86,101,3,1,2,7,4,3,0,0,0
137209,202,82,120,0,0,0,13,8,5,15,3,12,19,11,8,1,1,0.0,153,58,95,1,1,0,0,0,0,0,0,0
137272,10,4,6,0,0,0,1,1,0,0,0,0,6,1,5,0,0,0.0,3,2,1,0,0,0,0,0,0,0,0,0
137281,127,58,69,0,0,0,3,0,3,11,5,6,1,0,1,0,0,0.0,105,47,58,0,0,0,7,6,1,0,0,0
137315,63,21,42,0,0,0,1,0,1,4,0,4,5,1,4,0,0,0.0,53,20,33,0,0,0,0,0,0,0,0,0
137351,2168,1079,1089,4,4,0,292,167,125,113,44,69,202,90,112,2,2,0.0,1377,677,700,24,8,16,44,23,21,110,64,46
137476,81,44,37,0,0,0,3,2,1,12,3,9,16,11,5,0,0,0.0,48,26,22,2,2,0,0,0,0,0,0,0
137546,263,134,129,0,0,0,11,5,6,11,4,7,15,6,9,0,0,0.0,199,102,97,6,3,3,7,4,3,14,10,4
137564,119,63,56,1,0,1,1,0,1,9,7,2,4,1,3,4,2,0.0,98,51,47,1,1,0,1,1,0,0,0,0
137759,212,71,141,3,0,3,6,1,5,47,15,32,14,7,7,0,0,0.0,138,45,93,0,0,0,4,3,1,0,0,0
137777,8,8,0,0,0,0,0,0,0,0,0,0,0,0,0,0,0,0.0,8,8,0,0,0,0,0,0,0,0,0,0
137847,449,230,219,1,1,0,38,22,16,20,8,12,24,14,10,0,0,0.0,336,168,168,5,3,2,25,14,11,0,0,0
137953,15,9,6,0,0,0,1,0,1,1,0,1,2,1,1,0,0,0.0,11,8,3,0,0,0,0,0,0,0,0,0
137962,8,4,4,0,0,0,0,0,0,0,0,0,0,0,0,0,0,0.0,8,4,4,0,0,0,0,0,0,0,0,0
138187,638,264,374,4,2,2,36,13,23,80,31,49,68,32,36,0,0,0.0,428,180,248,1,0,1,19,5,14,2,1,1
138275,34,21,13,0,0,0,1,0,1,1,0,1,1,0,1,0,0,0.0,31,21,10,0,0,0,0,0,0,0,0,0
138293,28,15,13,0,0,0,0,0,0,5,2,3,0,0,0,0,0,0.0,20,10,10,3,3,0,0,0,0,0,0,0
138309,147,19,128,1,0,1,6,0,6,19,1,18,6,3,3,0,0,0.0,108,15,93,4,0,4,3,0,3,0,0,0
138354,320,169,151,2,1,1,41,22,19,23,9,14,9,5,4,0,0,0.0,234,125,109,9,5,4,1,1,0,1,1,0
138558,128,68,60,0,0,0,10,4,6,10,7,3,3,2,1,0,0,0.0,104,54,50,0,0,0,1,1,0,0,0,0
138600,93,26,67,0,0,0,9,2,7,10,2,8,5,1,4,0,0,0.0,62,21,41,1,0,1,4,0,4,2,0,2
138655,5,3,2,0,0,0,0,0,0,4,2,2,0,0,0,0,0,0.0,1,1,0,0,0,0,0,0,0,0,0,0
138682,74,24,50,0,0,0,3,1,2,51,13,38,0,0,0,1,0,0.0,19,10,9,0,0,0,0,0,0,0,0,0
138716,206,91,115,0,0,0,18,12,6,108,44,64,5,1,4,0,0,0.0,68,30,38,2,1,1,1,0,1,4,3,1
138761,27,11,16,0,0,0,1,1,0,2,1,1,0,0,0,0,0,0.0,24,9,15,0,0,0,0,0,0,0,0,0
138813,7,4,3,0,0,0,1,0,1,3,2,1,0,0,0,0,0,0.0,3,2,1,0,0,0,0,0,0,0,0,0
138840,92,44,48,0,0,0,0,0,0,86,41,45,0,0,0,0,0,0.0,6,3,3,0,0,0,0,0,0,0,0,0
138868,52,23,29,0,0,0,1,1,0,10,0,10,0,0,0,0,0,0.0,41,22,19,0,0,0,0,0,0,0,0,0
138901,32,19,13,0,0,0,4,2,2,21,13,8,0,0,0,0,0,0.0,5,2,3,2,2,0,0,0,0,0,0,0
138929,20,9,11,1,0,1,0,0,0,3,2,1,0,0,0,0,0,0.0,16,7,9,0,0,0,0,0,0,0,0,0
138947,190,97,93,0,0,0,22,16,6,141,62,79,3,2,1,0,0,0.0,16,11,5,0,0,0,3,3,0,5,3,2
138956,126,58,68,2,2,0,2,0,2,56,17,39,2,1,1,1,0,0.0,62,38,24,1,0,1,0,0,0,0,0,0
139144,165,96,69,0,0,0,5,2,3,9,4,5,8,4,4,1,1,0.0,133,79,54,1,1,0,3,2,1,5,3,2
139153,7,5,2,0,0,0,1,1,0,5,3,2,0,0,0,0,0,0.0,1,1,0,0,0,0,0,0,0,0,0,0
139199,142,37,105,0,0,0,4,2,2,22,5,17,5,3,2,0,0,0.0,110,27,83,1,0,1,0,0,0,0,0,0
139205,31,20,11,0,0,0,1,1,0,0,0,0,0,0,0,0,0,0.0,28,18,10,0,0,0,2,1,1,0,0,0
139250,100,42,58,0,0,0,2,1,1,7,4,3,3,2,1,0,0,0.0,86,34,52,1,0,1,0,0,0,1,1,0
139278,134,49,85,0,0,0,1,1,0,35,8,27,5,3,2,0,0,0.0,93,37,56,0,0,0,0,0,0,0,0,0
139311,209,90,119,0,0,0,20,13,7,64,13,51,6,2,4,0,0,0.0,99,54,45,2,0,2,13,5,8,5,3,2
139348,22,10,12,0,0,0,4,2,2,6,2,4,0,0,0,0,0,0.0,12,6,6,0,0,0,0,0,0,0,0,0
139357,91,32,59,1,1,0,3,2,1,33,7,26,3,1,2,0,0,0.0,51,21,30,0,0,0,0,0,0,0,0,0
139366,313,164,149,1,1,0,35,20,15,38,15,23,15,11,4,0,0,0.0,209,109,100,4,1,3,2,1,1,9,6,3
139384,126,60,66,0,0,0,0,0,0,5,0,5,3,3,0,1,0,0.0,117,57,60,0,0,0,0,0,0,0,0,0
139393,59,41,18,0,0,0,2,1,1,2,1,1,2,0,2,1,1,0.0,52,38,14,0,0,0,0,0,0,0,0,0
139463,139,60,79,0,0,0,6,4,2,9,3,6,3,1,2,0,0,0.0,111,46,65,0,0,0,7,4,3,3,2,1
139579,26,13,13,0,0,0,4,3,1,2,1,1,2,0,2,0,0,0.0,17,9,8,0,0,0,1,0,1,0,0,0
139621,49,26,23,0,0,0,1,0,1,5,3,2,3,1,2,0,0,0.0,39,21,18,0,0,0,0,0,0,1,1,0
139630,41,25,16,0,0,0,1,0,1,1,0,1,1,1,0,0,0,0.0,38,24,14,0,0,0,0,0,0,0,0,0
139658,1616,885,731,7,3,4,263,147,116,124,42,82,74,42,32,0,0,0.0,1080,626,454,18,6,12,0,0,0,50,19,31
139700,113,50,63,0,0,0,4,3,1,12,4,8,2,0,2,0,0,0.0,95,43,52,0,0,0,0,0,0,0,0,0
139719,112,60,52,0,0,0,20,14,6,69,33,36,1,1,0,0,0,0.0,16,7,9,1,1,0,2,1,1,3,3,0
139755,1084,772,312,0,0,0,258,185,73,41,28,13,36,28,8,2,1,0.0,656,470,186,8,7,1,16,11,5,67,42,25
139764,119,54,65,0,0,0,7,3,4,1,1,0,3,2,1,0,0,0.0,100,42,58,0,0,0,0,0,0,8,6,2
139861,336,156,180,0,0,0,23,11,12,26,14,12,11,6,5,0,0,0.0,250,113,137,3,1,2,6,3,3,17,8,9
139931,950,464,486,0,0,0,100,67,33,69,22,47,36,19,17,0,0,0.0,698,324,374,6,4,2,15,11,4,26,17,9
139940,1303,653,650,1,0,1,171,105,66,182,56,126,49,22,27,0,0,0.0,798,425,373,14,3,11,19,11,8,69,31,38
139959,2190,1271,919,6,4,2,230,151,79,115,60,55,64,33,31,0,0,0.0,1467,859,608,13,6,7,170,83,87,125,75,50
139968,81,38,43,0,0,0,3,0,3,10,4,6,0,0,0,0,0,0.0,68,34,34,0,0,0,0,0,0,0,0,0
139986,103,44,59,0,0,0,2,2,0,32,9,23,2,1,1,0,0,0.0,67,32,35,0,0,0,0,0,0,0,0,0
139995,6,2,4,0,0,0,0,0,0,6,2,4,0,0,0,0,0,0.0,0,0,0,0,0,0,0,0,0,0,0,0
140012,125,63,62,1,0,1,6,2,4,36,16,20,6,6,0,0,0,0.0,76,39,37,0,0,0,0,0,0,0,0,0
140146,16,9,7,0,0,0,1,0,1,13,7,6,1,1,0,0,0,0.0,1,1,0,0,0,0,0,0,0,0,0,0
140234,56,27,29,0,0,0,0,0,0,0,0,0,0,0,0,0,0,0.0,56,27,29,0,0,0,0,0,0,0,0,0
140243,113,50,63,0,0,0,9,5,4,12,4,8,5,0,5,0,0,0.0,87,41,46,0,0,0,0,0,0,0,0,0
140252,121,65,56,0,0,0,9,2,7,18,8,10,7,4,3,0,0,0.0,82,47,35,5,4,1,0,0,0,0,0,0
140331,189,90,99,0,0,0,5,3,2,44,16,28,3,0,3,0,0,0.0,136,71,65,1,0,1,0,0,0,0,0,0
140340,10,1,9,0,0,0,0,0,0,9,0,9,1,1,0,0,0,0.0,0,0,0,0,0,0,0,0,0,0,0,0
140447,464,229,235,0,0,0,43,25,18,53,15,38,22,9,13,0,0,0.0,322,165,157,2,1,1,0,0,0,22,14,8
140553,144,88,56,1,1,0,10,6,4,107,66,41,9,4,5,0,0,0.0,16,10,6,1,1,0,0,0,0,0,0,0
140562,260,142,118,1,0,1,45,27,18,168,87,81,3,2,1,2,1,0.0,37,24,13,4,1,3,0,0,0,0,0,0
140571,5,5,0,0,0,0,0,0,0,4,4,0,0,0,0,0,0,0.0,0,0,0,0,0,0,1,1,0,0,0,0
140678,67,35,32,0,0,0,0,0,0,2,1,1,1,1,0,0,0,0.0,64,33,31,0,0,0,0,0,0,0,0,0
140696,93,48,45,0,0,0,6,2,4,5,2,3,7,3,4,0,0,0.0,71,39,32,4,2,2,0,0,0,0,0,0
140720,23,13,10,0,0,0,1,1,0,15,7,8,0,0,0,0,0,0.0,5,3,2,0,0,0,0,0,0,2,2,0
140818,93,42,51,0,0,0,2,2,0,5,0,5,1,0,1,0,0,0.0,85,40,45,0,0,0,0,0,0,0,0,0
140872,73,31,42,0,0,0,1,1,0,4,2,2,4,2,2,0,0,0.0,64,26,38,0,0,0,0,0,0,0,0,0
140942,105,51,54,2,1,1,2,1,1,30,9,21,3,1,2,0,0,0.0,66,38,28,2,1,1,0,0,0,0,0,0
140951,695,390,305,3,3,0,47,30,17,30,12,18,20,17,3,0,0,0.0,530,293,237,8,3,5,18,10,8,39,22,17
140960,131,75,56,0,0,0,22,16,6,55,26,29,3,3,0,1,0,0.0,37,24,13,2,1,1,1,0,1,10,5,5
140988,76,39,37,0,0,0,4,3,1,6,5,1,1,1,0,0,0,0.0,65,30,35,0,0,0,0,0,0,0,0,0
141006,58,30,28,1,1,0,0,0,0,14,4,10,0,0,0,0,0,0.0,43,25,18,0,0,0,0,0,0,0,0,0
141060,192,48,144,2,1,1,17,5,12,116,19,97,11,5,6,0,0,0.0,33,13,20,2,2,0,3,0,3,8,3,5
141167,48,17,31,0,0,0,2,1,1,4,1,3,2,2,0,0,0,0.0,40,13,27,0,0,0,0,0,0,0,0,0
141185,42,26,16,0,0,0,1,0,1,1,0,1,2,2,0,0,0,0.0,38,24,14,0,0,0,0,0,0,0,0,0
141237,51,31,20,0,0,0,1,1,0,3,1,2,0,0,0,0,0,0.0,47,29,18,0,0,0,0,0,0,0,0,0
141255,129,46,83,0,0,0,0,0,0,30,8,22,0,0,0,0,0,0.0,99,38,61,0,0,0,0,0,0,0,0,0
141264,396,191,205,3,2,1,45,23,22,26,13,13,14,6,8,1,1,0.0,281,127,154,5,5,0,6,5,1,15,9,6
141325,51,16,35,0,0,0,3,1,2,3,1,2,0,0,0,0,0,0.0,45,14,31,0,0,0,0,0,0,0,0,0
141334,467,202,265,1,0,1,38,23,15,39,17,22,14,4,10,0,0,0.0,355,151,204,4,1,3,6,3,3,10,3,7
141361,63,34,29,0,0,0,3,1,2,0,0,0,1,0,1,0,0,0.0,58,33,25,0,0,0,1,0,1,0,0,0
141486,91,42,49,0,0,0,19,10,9,2,1,1,6,1,5,6,2,0.0,46,23,23,10,4,6,2,1,1,0,0,0
141565,179,96,83,1,1,0,54,31,23,2,1,1,4,3,1,15,4,0.0,92,50,42,7,3,4,0,0,0,4,3,1
141574,1056,554,502,1,1,0,331,171,160,10,3,7,20,8,12,73,22,0.0,520,306,214,53,15,38,0,0,0,48,28,20
141644,164,76,88,2,0,2,32,13,19,3,1,2,10,0,10,5,3,0.0,102,53,49,6,3,3,0,0,0,4,3,1
141680,80,51,29,2,1,1,39,21,18,1,1,0,2,2,0,7,5,0.0,24,19,5,5,2,3,0,0,0,0,0,0
141796,158,79,79,1,0,1,61,33,28,3,2,1,6,2,4,13,8,0.0,62,30,32,11,3,8,0,0,0,1,1,0
141802,41,22,19,0,0,0,11,6,5,0,0,0,1,1,0,3,2,0.0,24,11,13,2,2,0,0,0,0,0,0,0
141811,126,58,68,0,0,0,58,27,31,2,0,2,6,2,4,10,3,0.0,41,21,20,9,5,4,0,0,0,0,0,0
141839,70,29,41,0,0,0,19,8,11,1,1,0,0,0,0,9,4,0.0,35,15,20,6,1,5,0,0,0,0,0,0
141981,85,45,40,2,1,1,20,12,8,8,2,6,4,3,1,7,4,0.0,34,21,13,9,2,7,0,0,0,1,0,1
141990,49,25,24,0,0,0,11,7,4,0,0,0,1,1,0,12,6,0.0,19,9,10,6,2,4,0,0,0,0,0,0
142054,21,2,19,0,0,0,1,0,1,0,0,0,2,1,1,0,0,0.0,17,1,16,0,0,0,1,0,1,0,0,0
142090,7,5,2,0,0,0,0,0,0,0,0,0,0,0,0,0,0,0.0,7,5,2,0,0,0,0,0,0,0,0,0
142115,830,408,422,2,2,0,56,27,29,3,3,0,37,19,18,1,1,0.0,675,318,357,14,8,6,14,11,3,28,19,9
142179,60,31,29,0,0,0,0,0,0,0,0,0,2,1,1,0,0,0.0,58,30,28,0,0,0,0,0,0,0,0,0
142276,599,312,287,7,4,3,31,15,16,3,1,2,11,6,5,0,0,0.0,481,242,239,0,0,0,56,39,17,10,5,5
142285,520,327,193,1,1,0,42,30,12,7,5,2,18,10,8,0,0,0.0,400,251,149,8,4,4,23,13,10,21,13,8
142294,80,49,31,0,0,0,2,1,1,0,0,0,3,2,1,1,0,0.0,69,43,26,0,0,0,2,1,1,3,2,1
142328,152,62,90,1,0,1,0,0,0,4,3,1,3,2,1,0,0,0.0,141,56,85,3,1,2,0,0,0,0,0,0
142443,128,66,62,0,0,0,1,1,0,0,0,0,5,3,2,0,0,0.0,118,59,59,1,0,1,3,3,0,0,0,0
142461,99,50,49,0,0,0,1,0,1,2,1,1,4,2,2,0,0,0.0,82,40,42,1,1,0,9,6,3,0,0,0
142522,605,497,108,1,1,0,3,2,1,1,1,0,9,7,2,0,0,0.0,568,469,99,2,1,1,21,16,5,0,0,0
142559,138,63,75,0,0,0,1,0,1,0,0,0,9,4,5,0,0,0.0,122,56,66,3,1,2,2,2,0,1,0,1
142832,55,15,40,0,0,0,6,1,5,10,0,10,2,0,2,0,0,0.0,31,12,19,4,2,2,2,0,2,0,0,0
142887,16,10,6,0,0,0,1,1,0,1,0,1,0,0,0,0,0,0.0,14,9,5,0,0,0,0,0,0,0,0,0
143048,144,76,68,0,0,0,11,6,5,14,8,6,11,6,5,0,0,0.0,101,53,48,4,1,3,0,0,0,3,2,1
143084,201,100,101,0,0,0,17,4,13,6,3,3,7,6,1,0,0,0.0,164,84,80,3,0,3,0,0,0,4,3,1
143118,126,51,75,0,0,0,7,5,2,5,3,2,6,3,3,0,0,0.0,108,40,68,0,0,0,0,0,0,0,0,0
143215,148,66,82,0,0,0,3,1,2,10,2,8,3,1,2,0,0,0.0,115,53,62,2,2,0,13,6,7,2,1,1
143233,9,4,5,0,0,0,0,0,0,1,0,1,0,0,0,0,0,0.0,8,4,4,0,0,0,0,0,0,0,0,0
143279,94,39,55,0,0,0,2,1,1,2,1,1,2,2,0,0,0,0.0,79,30,49,1,1,0,8,4,4,0,0,0
143288,37,19,18,0,0,0,0,0,0,1,1,0,1,1,0,0,0,0.0,34,17,17,0,0,0,1,0,1,0,0,0
143297,33,2,31,0,0,0,1,1,0,1,0,1,0,0,0,0,0,0.0,31,1,30,0,0,0,0,0,0,0,0,0
143358,334,192,142,0,0,0,45,32,13,16,8,8,9,8,1,0,0,0.0,247,137,110,3,2,1,14,5,9,0,0,0
143613,39,17,22,1,1,0,1,0,1,0,0,0,0,0,0,0,0,0.0,35,14,21,0,0,0,2,2,0,0,0,0
143659,25,14,11,0,0,0,4,3,1,2,1,1,3,2,1,0,0,0.0,16,8,8,0,0,0,0,0,0,0,0,0
143853,207,85,122,0,0,0,33,12,21,6,1,5,12,5,7,2,0,0.0,151,67,84,3,0,3,0,0,0,0,0,0
143978,56,18,38,0,0,0,2,0,2,7,0,7,4,1,3,0,0,0.0,40,15,25,3,2,1,0,0,0,0,0,0
144005,142,69,73,0,0,0,10,7,3,51,20,31,5,4,1,0,0,0.0,30,15,15,0,0,0,26,13,13,20,10,10
144014,11,6,5,0,0,0,2,1,1,4,1,3,1,1,0,0,0,0.0,4,3,1,0,0,0,0,0,0,0,0,0
144050,2646,1592,1054,0,0,0,434,266,168,100,38,62,97,56,41,1,1,0.0,1610,1002,608,38,20,18,176,94,82,190,115,75
144157,65,29,36,0,0,0,5,1,4,44,18,26,8,4,4,0,0,0.0,6,5,1,0,0,0,2,1,1,0,0,0
144166,117,36,81,0,0,0,18,8,10,48,12,36,8,3,5,0,0,0.0,38,13,25,2,0,2,3,0,3,0,0,0
144175,39,16,23,0,0,0,4,3,1,22,6,16,3,1,2,0,0,0.0,7,5,2,0,0,0,2,1,1,1,0,1
144184,64,31,33,0,0,0,6,4,2,11,4,7,11,8,3,0,0,0.0,29,11,18,1,0,1,5,3,2,1,1,0
144193,48,24,24,0,0,0,9,6,3,12,4,8,7,2,5,0,0,0.0,17,10,7,2,2,0,1,0,1,0,0,0
144209,98,41,57,0,0,0,10,6,4,24,11,13,15,8,7,0,0,0.0,44,13,31,2,1,1,3,2,1,0,0,0
144218,76,33,43,0,0,0,8,4,4,0,0,0,15,8,7,1,0,0.0,44,18,26,4,1,3,3,2,1,1,0,1
144281,234,132,102,0,0,0,6,1,5,15,8,7,14,8,6,0,0,0.0,187,111,76,1,0,1,11,4,7,0,0,0
144351,239,102,137,4,2,2,10,5,5,14,6,8,8,5,3,1,0,0.0,187,76,111,0,0,0,13,7,6,2,1,1
144564,62,27,35,0,0,0,2,2,0,3,2,1,1,0,1,0,0,0.0,56,23,33,0,0,0,0,0,0,0,0,0
144740,860,456,404,2,1,1,66,37,29,63,31,32,64,34,30,0,0,0.0,548,275,273,13,8,5,46,31,15,58,39,19
144865,266,122,144,2,1,1,25,10,15,11,6,5,12,6,6,0,0,0.0,211,96,115,1,1,0,4,2,2,0,0,0
144883,8,4,4,0,0,0,5,2,3,1,1,0,0,0,0,0,0,0.0,2,1,1,0,0,0,0,0,0,0,0,0
144892,379,194,185,1,1,0,30,16,14,18,10,8,7,3,4,0,0,0.0,289,143,146,0,0,0,22,13,9,12,8,4
144944,143,72,71,0,0,0,5,1,4,11,6,5,16,9,7,0,0,0.0,104,50,54,1,1,0,4,4,0,2,1,1
144962,171,63,108,0,0,0,9,5,4,11,5,6,10,4,6,0,0,0.0,141,49,92,0,0,0,0,0,0,0,0,0
144971,31,13,18,0,0,0,1,0,1,1,0,1,2,1,1,1,0,0.0,26,12,14,0,0,0,0,0,0,0,0,0
145239,22,1,21,0,0,0,0,0,0,2,0,2,3,0,3,0,0,0.0,17,1,16,0,0,0,0,0,0,0,0,0
145275,25,14,11,0,0,0,4,2,2,5,2,3,3,1,2,0,0,0.0,12,8,4,0,0,0,0,0,0,1,1,0
145336,245,102,143,4,1,3,35,18,17,46,17,29,8,4,4,0,0,0.0,124,49,75,4,1,3,21,10,11,3,2,1
145372,48,27,21,0,0,0,2,1,1,2,1,1,1,1,0,0,0,0.0,42,23,19,1,1,0,0,0,0,0,0,0
145497,12,9,3,0,0,0,0,0,0,1,0,1,0,0,0,0,0,0.0,6,5,1,0,0,0,5,4,1,0,0,0
145521,46,23,23,0,0,0,4,3,1,0,0,0,1,0,1,0,0,0.0,40,19,21,1,1,0,0,0,0,0,0,0
145558,159,76,83,0,0,0,29,16,13,5,2,3,8,1,7,0,0,0.0,114,56,58,1,1,0,0,0,0,2,0,2
145600,2293,1139,1154,2,0,2,467,256,211,150,67,83,183,79,104,3,1,0.0,1314,650,664,29,11,18,60,34,26,85,41,44
145619,114,60,54,0,0,0,14,7,7,4,2,2,2,1,1,0,0,0.0,90,47,43,0,0,0,4,3,1,0,0,0
145628,48,11,37,1,1,0,7,0,7,2,1,1,1,0,1,0,0,0.0,37,9,28,0,0,0,0,0,0,0,0,0
145637,2404,1413,991,5,1,4,397,247,150,107,50,57,181,102,79,0,0,0.0,1533,898,635,33,20,13,45,30,15,103,65,38
145646,108,62,46,0,0,0,14,9,5,6,2,4,4,1,3,0,0,0.6931471805599453,83,49,34,1,1,0,0,0,0,0,0,0
145682,162,75,87,0,0,0,6,2,4,6,2,4,4,3,1,0,0,0.6931471805599453,143,66,77,3,2,1,0,0,0,0,0,0
145691,75,36,39,0,0,0,3,0,3,1,0,1,3,0,3,0,0,0.0,66,34,32,0,0,0,0,0,0,2,2,0
145707,40,13,27,0,0,0,0,0,0,0,0,0,0,0,0,0,0,0.0,40,13,27,0,0,0,0,0,0,0,0,0
145725,371,262,109,7,6,1,63,44,19,7,2,5,12,8,4,1,0,0.0,199,146,53,1,1,0,35,20,15,46,35,11
145813,898,422,476,1,1,0,72,34,38,28,16,12,22,10,12,0,0,0.6931471805599453,625,286,339,10,5,5,100,46,54,40,24,16
145831,74,34,40,0,0,0,0,0,0,2,2,0,0,0,0,0,0,0.0,71,32,39,1,0,1,0,0,0,0,0,0
146205,65,27,38,0,0,0,2,0,2,2,0,2,1,0,1,0,0,0.0,59,26,33,0,0,0,0,0,0,1,1,0
146278,48,25,23,0,0,0,0,0,0,0,0,0,0,0,0,0,0,0.0,46,24,22,0,0,0,2,1,1,0,0,0
146296,211,96,115,0,0,0,5,1,4,7,2,5,13,7,6,0,0,0.0,167,79,88,0,0,0,18,7,11,1,0,1
146339,50,28,22,0,0,0,3,2,1,5,2,3,1,1,0,0,0,0.0,38,22,16,0,0,0,0,0,0,3,1,2
146348,56,18,38,0,0,0,0,0,0,2,0,2,1,0,1,0,0,0.0,52,18,34,0,0,0,1,0,1,0,0,0
146366,64,30,34,0,0,0,2,1,1,1,1,0,0,0,0,0,0,0.0,60,28,32,0,0,0,1,0,1,0,0,0
146418,52,23,29,0,0,0,0,0,0,1,0,1,2,2,0,0,0,0.0,49,21,28,0,0,0,0,0,0,0,0,0
146427,110,64,46,0,0,0,3,1,2,5,4,1,4,3,1,0,0,0.0,84,48,36,1,0,1,6,2,4,7,6,1
146472,216,100,116,0,0,0,20,10,10,16,8,8,19,9,10,0,0,0.6931471805599453,152,68,84,5,3,2,3,2,1,1,0,1
146481,112,53,59,0,0,0,9,2,7,6,4,2,7,2,5,0,0,0.0,81,43,38,4,0,4,0,0,0,5,2,3
146490,2,1,1,0,0,0,0,0,0,0,0,0,0,0,0,0,0,0.0,2,1,1,0,0,0,0,0,0,0,0,0
146506,97,44,53,0,0,0,1,0,1,0,0,0,0,0,0,0,0,0.0,95,44,51,0,0,0,1,0,1,0,0,0
146533,11,0,11,0,0,0,0,0,0,0,0,0,0,0,0,0,0,0.6931471805599453,11,0,11,0,0,0,0,0,0,0,0,0
146603,90,37,53,1,1,0,2,1,1,5,2,3,1,0,1,0,0,0.0,80,33,47,0,0,0,1,0,1,0,0,0
146612,232,103,129,0,0,0,19,10,9,11,6,5,10,1,9,0,0,0.6931471805599453,180,76,104,0,0,0,2,1,1,10,9,1
146667,13,11,2,0,0,0,0,0,0,0,0,0,0,0,0,0,0,0.0,13,11,2,0,0,0,0,0,0,0,0,0
146685,117,52,65,0,0,0,2,1,1,5,3,2,3,2,1,0,0,0.0,97,40,57,0,0,0,10,6,4,0,0,0
146700,46,38,8,1,1,0,1,1,0,10,7,3,7,5,2,0,0,0.0,25,23,2,2,1,1,0,0,0,0,0,0
146719,983,489,494,0,0,0,81,41,40,54,23,31,65,37,28,4,1,0.6931471805599453,704,354,350,11,3,8,22,7,15,42,23,19
146728,8,4,4,0,0,0,1,1,0,2,1,1,0,0,0,0,0,0.0,4,1,3,0,0,0,0,0,0,1,1,0
146755,11,0,11,0,0,0,0,0,0,0,0,0,0,0,0,0,0,0.0,11,0,11,0,0,0,0,0,0,0,0,0
146816,6,4,2,1,1,0,0,0,0,0,0,0,1,1,0,0,0,0.0,4,2,2,0,0,0,0,0,0,0,0,0
146977,11,6,5,0,0,0,1,0,1,5,4,1,1,0,1,0,0,0.0,4,2,2,0,0,0,0,0,0,0,0,0
147004,90,37,53,0,0,0,6,3,3,2,1,1,0,0,0,0,0,0.0,82,33,49,0,0,0,0,0,0,0,0,0
147013,67,28,39,0,0,0,2,1,1,0,0,0,1,0,1,0,0,0.0,63,26,37,1,1,0,0,0,0,0,0,0
147031,2,1,1,0,0,0,0,0,0,0,0,0,0,0,0,0,0,0.0,2,1,1,0,0,0,0,0,0,0,0,0
147129,28,1,27,0,0,0,0,0,0,1,0,1,2,0,2,0,0,0.0,25,1,24,0,0,0,0,0,0,0,0,0
147244,135,68,67,1,1,0,6,3,3,5,3,2,1,1,0,0,0,0.0,119,59,60,0,0,0,0,0,0,3,1,2
147341,62,36,26,0,0,0,0,0,0,0,0,0,0,0,0,0,0,0.0,54,32,22,0,0,0,4,4,0,4,0,4
147369,74,52,22,0,0,0,9,8,1,9,4,5,3,2,1,0,0,0.0,52,38,14,1,0,1,0,0,0,0,0,0
147378,184,76,108,0,0,0,4,1,3,16,6,10,7,4,3,0,0,0.0,157,65,92,0,0,0,0,0,0,0,0,0
147396,7,7,0,0,0,0,0,0,0,0,0,0,0,0,0,0,0,0.0,6,6,0,0,0,0,1,1,0,0,0,0
147411,71,33,38,0,0,0,0,0,0,5,2,3,9,6,3,0,0,0.0,44,21,23,0,0,0,13,4,9,0,0,0
147536,198,60,138,0,0,0,12,3,9,26,6,20,21,6,15,0,0,0.0,129,43,86,2,1,1,0,0,0,8,1,7
147590,49,25,24,0,0,0,5,4,1,1,0,1,2,1,1,0,0,0.0,40,19,21,1,1,0,0,0,0,0,0,0
147660,176,72,104,0,0,0,16,5,11,6,1,5,6,3,3,0,0,0.0,134,59,75,1,0,1,3,1,2,10,3,7
147679,100,46,54,1,0,1,10,7,3,6,2,4,0,0,0,5,0,0.0,68,34,34,0,0,0,10,3,7,0,0,0
147703,805,396,409,1,0,1,115,56,59,32,16,16,27,12,15,0,0,0.0,592,290,302,4,3,1,4,3,1,30,16,14
147767,2382,1361,1021,2,1,1,349,202,147,127,56,71,147,73,74,0,0,0.0,1565,920,645,36,8,28,53,35,18,103,66,37
147776,261,119,142,1,1,0,35,15,20,18,10,8,29,12,17,0,0,0.0,147,64,83,0,0,0,29,17,12,2,0,2
147800,147,57,90,2,1,1,15,4,11,13,3,10,8,4,4,0,0,0.0,95,38,57,2,0,2,12,7,5,0,0,0
147828,110,65,45,0,0,0,1,1,0,7,3,4,1,1,0,0,0,0.0,101,60,41,0,0,0,0,0,0,0,0,0
147916,149,72,77,0,0,0,6,3,3,5,2,3,5,3,2,0,0,0.0,124,61,63,5,2,3,4,1,3,0,0,0
148007,79,31,48,0,0,0,2,1,1,17,5,12,4,1,3,0,0,0.0,56,24,32,0,0,0,0,0,0,0,0,0
148016,57,27,30,0,0,0,1,1,0,2,2,0,2,0,2,0,0,0.0,43,20,23,0,0,0,9,4,5,0,0,0
148131,52,32,20,0,0,0,2,1,1,2,1,1,1,0,1,0,0,0.0,43,28,15,0,0,0,0,0,0,4,2,2
148256,47,24,23,0,0,0,0,0,0,0,0,0,0,0,0,0,0,0.0,47,24,23,0,0,0,0,0,0,0,0,0
148292,51,23,28,0,0,0,1,1,0,2,1,1,1,1,0,0,0,0.0,45,18,27,0,0,0,2,2,0,0,0,0
148380,120,57,63,3,3,0,1,0,1,6,1,5,2,1,1,0,0,0.0,103,48,55,1,1,0,4,3,1,0,0,0
148405,72,29,43,0,0,0,2,0,2,1,0,1,3,3,0,0,0,0.0,64,24,40,2,2,0,0,0,0,0,0,0
148487,168,89,79,1,1,0,10,5,5,10,3,7,6,4,2,0,0,0.0,92,49,43,3,2,1,31,18,13,15,7,8
148496,139,56,83,1,0,1,13,7,6,12,5,7,11,1,10,0,0,0.0,92,40,52,1,1,0,3,1,2,6,1,5
148511,1082,484,598,9,3,6,264,112,152,58,12,46,50,20,30,0,0,0.0,662,316,346,27,12,15,12,9,3,0,0,0
148575,37,3,34,0,0,0,0,0,0,0,0,0,0,0,0,0,0,0.0,37,3,34,0,0,0,0,0,0,0,0,0
148584,85,31,54,0,0,0,4,0,4,6,1,5,5,1,4,1,0,0.0,69,29,40,0,0,0,0,0,0,0,0,0
148593,16,1,15,0,0,0,0,0,0,1,1,0,0,0,0,0,0,0.0,15,0,15,0,0,0,0,0,0,0,0,0
148627,125,51,74,0,0,0,10,6,4,4,2,2,4,0,4,0,0,0.0,95,35,60,0,0,0,12,8,4,0,0,0
148654,199,108,91,0,0,0,24,15,9,6,2,4,7,2,5,0,0,0.0,134,69,65,2,2,0,2,2,0,24,16,8
148672,46,22,24,0,0,0,0,0,0,1,1,0,2,0,2,0,0,0.0,42,21,21,1,0,1,0,0,0,0,0,0
148821,31,14,17,0,0,0,0,0,0,1,1,0,0,0,0,0,0,0.0,30,13,17,0,0,0,0,0,0,0,0,0
148876,13,10,3,0,0,0,2,1,1,1,1,0,6,5,1,0,0,0.0,3,3,0,1,0,1,0,0,0,0,0,0
148885,13,9,4,0,0,0,0,0,0,1,1,0,3,0,3,0,0,0.0,8,7,1,1,1,0,0,0,0,0,0,0
148937,30,17,13,0,0,0,0,0,0,0,0,0,0,0,0,0,0,0.0,30,17,13,0,0,0,0,0,0,0,0,0
148982,3,1,2,0,0,0,0,0,0,0,0,0,0,0,0,0,0,0.0,3,1,2,0,0,0,0,0,0,0,0,0
148991,27,12,15,0,0,0,1,1,0,0,0,0,0,0,0,0,0,0.0,26,11,15,0,0,0,0,0,0,0,0,0
149028,22,3,19,0,0,0,1,0,1,1,0,1,0,0,0,0,0,0.0,20,3,17,0,0,0,0,0,0,0,0,0
149222,904,533,371,1,0,1,151,96,55,41,23,18,31,20,11,1,0,0.0,637,366,271,6,2,4,0,0,0,36,26,10
149231,639,295,344,1,1,0,72,43,29,42,18,24,23,9,14,3,1,0.0,469,209,260,8,2,6,1,1,0,20,11,9
149329,7,7,0,0,0,0,0,0,0,0,0,0,0,0,0,0,0,0.0,7,7,0,0,0,0,0,0,0,0,0,0
149365,67,30,37,0,0,0,2,1,1,22,6,16,0,0,0,0,0,0.0,36,19,17,3,1,2,4,3,1,0,0,0
149505,66,31,35,0,0,0,3,2,1,4,2,2,4,3,1,0,0,0.0,55,24,31,0,0,0,0,0,0,0,0,0
149514,41,32,9,0,0,0,4,2,2,0,0,0,3,3,0,0,0,0.0,33,26,7,1,1,0,0,0,0,0,0,0
149532,100,50,50,1,0,1,7,4,3,13,5,8,6,4,2,0,0,0.0,73,37,36,0,0,0,0,0,0,0,0,0
149639,10,4,6,0,0,0,1,0,1,0,0,0,1,0,1,0,0,0.0,8,4,4,0,0,0,0,0,0,0,0,0
149727,89,43,46,0,0,0,5,0,5,2,2,0,2,0,2,0,0,0.0,74,38,36,1,0,1,4,3,1,1,0,1
149763,34,4,30,0,0,0,3,1,2,7,1,6,5,0,5,0,0,0.0,16,2,14,1,0,1,2,0,2,0,0,0
149772,447,249,198,1,0,1,63,39,24,16,13,3,11,6,5,1,1,0.0,335,180,155,2,2,0,0,0,0,18,8,10
149781,208,137,71,1,1,0,24,14,10,11,9,2,9,7,2,0,0,0.0,157,101,56,2,2,0,0,0,0,4,3,1
149842,194,73,121,0,0,0,13,2,11,7,4,3,13,8,5,1,1,0.0,155,57,98,1,0,1,4,1,3,0,0,0
150066,94,52,42,0,0,0,4,2,2,3,1,2,3,2,1,0,0,0.0,81,45,36,3,2,1,0,0,0,0,0,0
150136,967,466,501,3,0,3,81,35,46,31,15,16,33,15,18,0,0,0.0,784,387,397,8,5,3,1,0,1,26,9,17
150145,60,25,35,0,0,0,5,3,2,1,1,0,0,0,0,0,0,0.0,53,20,33,0,0,0,0,0,0,1,1,0
150163,375,172,203,2,2,0,19,9,10,22,10,12,12,6,6,0,0,0.0,299,135,164,1,1,0,12,6,6,8,3,5
150172,25,13,12,0,0,0,1,1,0,1,0,1,5,1,4,0,0,0.0,18,11,7,0,0,0,0,0,0,0,0,0
150215,13,6,7,0,0,0,1,1,0,4,1,3,0,0,0,0,0,0.0,8,4,4,0,0,0,0,0,0,0,0,0
150288,20,19,1,0,0,0,1,1,0,0,0,0,0,0,0,0,0,0.0,19,18,1,0,0,0,0,0,0,0,0,0
150400,185,100,85,0,0,0,30,11,19,12,7,5,11,7,4,0,0,0.0,129,75,54,3,0,3,0,0,0,0,0,0
150455,106,55,51,0,0,0,6,5,1,9,7,2,8,6,2,0,0,0.0,72,33,39,5,2,3,1,1,0,5,1,4
150534,145,73,72,0,0,0,6,3,3,1,0,1,2,0,2,1,1,0.0,83,37,46,0,0,0,52,32,20,0,0,0
150604,73,35,38,0,0,0,1,0,1,1,1,0,3,0,3,0,0,0.0,64,30,34,2,2,0,1,1,0,1,1,0
150668,62,26,36,0,0,0,0,0,0,2,0,2,1,0,1,0,0,0.0,57,25,32,0,0,0,1,0,1,1,1,0
150677,49,29,20,0,0,0,0,0,0,1,0,1,3,2,1,0,0,0.0,43,26,17,1,1,0,1,0,1,0,0,0
150756,98,59,39,0,0,0,4,1,3,1,1,0,5,2,3,0,0,0.0,82,54,28,0,0,0,6,1,5,0,0,0
150774,28,13,15,0,0,0,1,0,1,0,0,0,3,3,0,0,0,0.0,23,10,13,0,0,0,0,0,0,1,0,1
150941,74,39,35,0,0,0,1,1,0,1,1,0,1,1,0,0,0,0.0,71,36,35,0,0,0,0,0,0,0,0,0
150987,1109,457,652,5,1,4,28,9,19,76,30,46,21,11,10,0,0,0.0,967,401,566,11,4,7,1,1,0,0,0,0
151102,298,185,113,3,3,0,48,25,23,8,7,1,12,5,7,0,0,0.0,198,125,73,2,1,1,6,6,0,21,13,8
151111,3138,1720,1418,2,1,1,517,298,219,143,66,77,102,59,43,1,0,0.0,2232,1224,1008,45,17,28,5,3,2,91,52,39
151263,288,120,168,0,0,0,9,2,7,13,4,9,8,4,4,0,0,0.0,244,101,143,4,1,3,2,0,2,8,8,0
151290,64,34,30,0,0,0,4,3,1,4,3,1,4,2,2,0,0,0.0,45,21,24,1,0,1,0,0,0,6,5,1
151306,336,156,180,0,0,0,20,9,11,8,1,7,4,2,2,0,0,0.0,278,128,150,7,4,3,5,3,2,14,9,5
151324,388,195,193,0,0,0,38,17,21,19,10,9,10,4,6,0,0,0.0,306,154,152,6,4,2,5,3,2,4,3,1
151333,126,49,77,1,0,1,8,4,4,6,4,2,2,2,0,0,0,0.0,100,35,65,1,0,1,0,0,0,8,4,4
151342,222,105,117,0,0,0,28,15,13,11,3,8,9,9,0,0,0,0.0,169,75,94,3,2,1,1,0,1,1,1,0
151351,2141,1249,892,2,2,0,213,111,102,100,57,43,139,80,59,2,1,0.0,1556,912,644,26,17,9,10,9,1,93,60,33
151360,138,59,79,0,0,0,15,9,6,19,4,15,11,6,5,0,0,0.0,91,39,52,2,1,1,0,0,0,0,0,0
151379,172,68,104,0,0,0,20,8,12,6,2,4,3,0,3,0,0,0.0,139,57,82,2,1,1,0,0,0,2,0,2
151388,106,39,67,2,1,1,14,8,6,2,2,0,3,2,1,0,0,0.0,80,24,56,1,1,0,0,0,0,4,1,3
151467,12,1,11,0,0,0,0,0,0,0,0,0,0,0,0,0,0,0.0,12,1,11,0,0,0,0,0,0,0,0,0
151661,32,29,3,0,0,0,0,0,0,1,1,0,0,0,0,0,0,0.0,30,27,3,0,0,0,1,1,0,0,0,0
151777,87,40,47,1,0,1,5,3,2,1,0,1,3,2,1,0,0,0.0,74,34,40,3,1,2,0,0,0,0,0,0
151786,203,91,112,0,0,0,9,6,3,12,5,7,10,6,4,0,0,0.0,165,73,92,1,0,1,6,1,5,0,0,0
151801,235,106,129,0,0,0,12,7,5,14,5,9,5,2,3,0,0,0.0,198,86,112,4,4,0,2,2,0,0,0,0
151810,10,6,4,0,0,0,0,0,0,6,3,3,0,0,0,0,0,1.0986122886681098,4,3,1,0,0,0,0,0,0,0,0,0
151865,10,4,6,0,0,0,0,0,0,1,0,1,0,0,0,0,0,1.0986122886681098,9,4,5,0,0,0,0,0,0,0,0,0
151962,6,2,4,0,0,0,0,0,0,0,0,0,0,0,0,0,0,0.0,6,2,4,0,0,0,0,0,0,0,0,0
152080,1282,860,422,2,1,1,121,83,38,33,20,13,76,45,31,0,0,0.0,912,621,291,30,16,14,27,18,9,81,56,25
152099,34,21,13,0,0,0,1,0,1,2,1,1,0,0,0,0,0,1.0986122886681098,28,17,11,1,1,0,2,2,0,0,0,0
152318,185,130,55,0,0,0,20,13,7,6,5,1,5,5,0,0,0,0.0,141,98,43,0,0,0,0,0,0,13,9,4
152336,124,42,82,1,0,1,1,0,1,6,2,4,1,0,1,0,0,0.0,105,35,70,2,1,1,8,4,4,0,0,0
152381,53,17,36,0,0,0,2,1,1,0,0,0,2,0,2,0,0,0.0,47,15,32,1,0,1,1,1,0,0,0,0
152390,133,43,90,0,0,0,4,2,2,6,4,2,7,2,5,0,0,0.0,102,29,73,0,0,0,5,3,2,9,3,6
152451,12,10,2,0,0,0,0,0,0,0,0,0,1,0,1,0,0,0.0,11,10,1,0,0,0,0,0,0,0,0,0
152530,127,82,45,0,0,0,5,2,3,1,1,0,2,0,2,0,0,0.0,110,72,38,1,1,0,1,1,0,7,5,2
152567,137,77,60,0,0,0,5,4,1,1,1,0,0,0,0,0,0,1.0986122886681098,103,60,43,3,3,0,25,9,16,0,0,0
152600,208,112,96,0,0,0,9,4,5,2,2,0,3,1,2,0,0,0.0,113,59,54,0,0,0,81,46,35,0,0,0
152637,152,75,77,2,0,2,0,0,0,2,2,0,1,0,1,1,1,0.0,144,71,73,0,0,0,0,0,0,2,1,1
152673,95,55,40,0,0,0,5,1,4,4,3,1,3,2,1,0,0,1.0986122886681098,83,49,34,0,0,0,0,0,0,0,0,0
152798,41,8,33,0,0,0,1,0,1,0,0,0,2,1,1,1,1,0.0,37,6,31,0,0,0,0,0,0,0,0,0
152992,59,28,31,0,0,0,3,2,1,0,0,0,2,1,1,0,0,0.0,54,25,29,0,0,0,0,0,0,0,0,0
153001,59,29,30,0,0,0,0,0,0,0,0,0,4,3,1,0,0,0.0,54,26,28,0,0,0,1,0,1,0,0,0
153108,91,47,44,0,0,0,3,1,2,3,3,0,3,2,1,0,0,0.0,79,38,41,0,0,0,0,0,0,3,3,0
153126,77,24,53,0,0,0,3,2,1,4,0,4,1,0,1,0,0,0.0,69,22,47,0,0,0,0,0,0,0,0,0
153144,125,62,63,0,0,0,3,1,2,3,2,1,4,1,3,0,0,0.0,107,55,52,1,0,1,3,0,3,4,3,1
153162,77,36,41,2,1,1,3,1,2,2,1,1,0,0,0,0,0,0.0,62,26,36,1,1,0,3,3,0,4,3,1
153214,360,179,181,0,0,0,12,9,3,7,3,4,7,3,4,0,0,0.0,322,156,166,8,4,4,2,2,0,2,2,0
153241,19,9,10,0,0,0,3,1,2,0,0,0,0,0,0,0,0,0.0,14,8,6,1,0,1,0,0,0,1,0,1
153250,100,70,30,0,0,0,2,2,0,1,0,1,0,0,0,0,0,0.0,93,64,29,0,0,0,0,0,0,4,4,0
153269,300,152,148,0,0,0,20,8,12,7,4,3,10,5,5,1,1,0.0,244,125,119,8,3,5,3,2,1,7,4,3
153278,98,52,46,0,0,0,3,2,1,2,2,0,2,2,0,1,1,0.0,86,43,43,1,1,0,2,1,1,1,0,1
153296,26,16,10,0,0,0,2,2,0,0,0,0,0,0,0,0,0,0.0,22,13,9,0,0,0,2,1,1,0,0,0
153302,19,15,4,0,0,0,2,1,1,0,0,0,1,1,0,0,0,0.0,16,13,3,0,0,0,0,0,0,0,0,0
153311,126,49,77,0,0,0,3,0,3,3,1,2,3,1,2,0,0,0.0,114,46,68,3,1,2,0,0,0,0,0,0
153320,20,15,5,0,0,0,0,0,0,0,0,0,1,1,0,0,0,0.0,19,14,5,0,0,0,0,0,0,0,0,0
153366,68,29,39,0,0,0,5,3,2,2,1,1,0,0,0,0,0,0.0,58,22,36,0,0,0,1,1,0,2,2,0
153375,89,41,48,0,0,0,4,2,2,2,1,1,3,2,1,0,0,0.0,79,35,44,0,0,0,1,1,0,0,0,0
153384,216,112,104,0,0,0,22,12,10,13,5,8,13,6,7,0,0,0.0,141,78,63,9,3,6,6,4,2,12,4,8
153445,113,49,64,0,0,0,2,1,1,2,1,1,1,0,1,0,0,0.0,106,47,59,2,0,2,0,0,0,0,0,0
153472,124,63,61,1,1,0,0,0,0,1,1,0,3,1,2,0,0,0.0,117,60,57,1,0,1,1,0,1,0,0,0
153524,97,54,43,0,0,0,2,2,0,1,1,0,2,1,1,0,0,0.0,90,49,41,0,0,0,2,1,1,0,0,0
153533,67,33,34,0,0,0,0,0,0,1,1,0,0,0,0,0,0,0.0,66,32,34,0,0,0,0,0,0,0,0,0
153603,1444,895,549,4,3,1,262,184,78,34,23,11,52,33,19,1,1,0.0,1023,609,414,11,6,5,0,0,0,57,36,21
153621,36,18,18,0,0,0,0,0,0,1,1,0,3,2,1,0,0,0.0,32,15,17,0,0,0,0,0,0,0,0,0
153630,111,58,53,0,0,0,3,1,2,1,1,0,3,2,1,0,0,0.0,98,50,48,1,1,0,5,3,2,0,0,0
153658,2455,1396,1059,4,2,2,315,203,112,63,27,36,109,63,46,1,1,0.0,1725,956,769,19,11,8,88,54,34,131,79,52
153737,253,142,111,1,0,1,3,3,0,5,3,2,5,2,3,0,0,0.0,237,132,105,2,2,0,0,0,0,0,0,0
153825,90,46,44,0,0,0,6,3,3,0,0,0,0,0,0,1,0,0.0,82,42,40,0,0,0,0,0,0,1,1,0
153834,133,74,59,0,0,0,3,2,1,4,4,0,7,4,3,0,0,0.0,115,63,52,0,0,0,0,0,0,4,1,3
153861,119,77,42,0,0,0,27,13,14,3,1,2,2,0,2,0,0,0.0,82,61,21,2,0,2,3,2,1,0,0,0
153922,45,28,17,0,0,0,0,0,0,1,1,0,1,1,0,0,0,0.0,43,26,17,0,0,0,0,0,0,0,0,0
153977,51,8,43,0,0,0,2,2,0,1,0,1,0,0,0,0,0,0.0,47,6,41,1,0,1,0,0,0,0,0,0
154004,70,32,38,0,0,0,1,1,0,4,1,3,1,0,1,0,0,0.0,64,30,34,0,0,0,0,0,0,0,0,0
154013,76,32,44,0,0,0,3,1,2,1,0,1,4,2,2,0,0,0.0,67,28,39,1,1,0,0,0,0,0,0,0
154022,122,44,78,2,1,1,7,5,2,9,3,6,9,4,5,0,0,0.0,89,31,58,5,0,5,1,0,1,0,0,0
154059,64,35,29,0,0,0,0,0,0,0,0,0,0,0,0,1,1,0.0,63,34,29,0,0,0,0,0,0,0,0,0
154095,415,203,212,0,0,0,42,23,19,10,7,3,13,9,4,1,1,0.0,338,160,178,3,2,1,0,0,0,8,1,7
154101,77,39,38,0,0,0,2,1,1,1,1,0,2,0,2,0,0,0.0,69,35,34,0,0,0,0,0,0,3,2,1
154110,106,48,58,0,0,0,1,1,0,0,0,0,1,0,1,0,0,0.0,101,45,56,0,0,0,3,2,1,0,0,0
154129,33,23,10,0,0,0,1,0,1,1,1,0,0,0,0,1,1,0.0,30,21,9,0,0,0,0,0,0,0,0,0
154156,91,39,52,0,0,0,8,5,3,3,2,1,3,1,2,0,0,1.0986122886681098,72,28,44,4,2,2,1,1,0,0,0,0
154174,122,63,59,0,0,0,5,4,1,1,0,1,4,2,2,0,0,1.0986122886681098,100,54,46,3,2,1,9,1,8,0,0,0
154235,180,78,102,0,0,0,14,7,7,2,2,0,5,3,2,0,0,0.0,148,58,90,1,1,0,10,7,3,0,0,0
154262,15,1,14,0,0,0,0,0,0,0,0,0,1,0,1,0,0,0.0,14,1,13,0,0,0,0,0,0,0,0,0
154350,75,42,33,0,0,0,2,1,1,1,1,0,6,5,1,0,0,1.0986122886681098,64,34,30,0,0,0,2,1,1,0,0,0
154378,82,36,46,0,0,0,1,1,0,1,0,1,0,0,0,0,0,0.0,79,34,45,1,1,0,0,0,0,0,0,0
154396,39,21,18,0,0,0,0,0,0,1,1,0,0,0,0,0,0,0.0,37,19,18,1,1,0,0,0,0,0,0,0
154493,56,22,34,1,1,0,2,0,2,0,0,0,1,1,0,0,0,0.0,44,17,27,0,0,0,6,3,3,2,0,2
154518,43,27,16,0,0,0,3,3,0,1,1,0,1,1,0,0,0,0.0,37,21,16,0,0,0,0,0,0,1,1,0
154527,80,41,39,0,0,0,3,1,2,1,1,0,1,1,0,0,0,0.0,70,34,36,0,0,0,1,1,0,4,3,1
154536,11,6,5,0,0,0,2,1,1,0,0,0,0,0,0,0,0,0.0,9,5,4,0,0,0,0,0,0,0,0,0
154572,67,31,36,1,1,0,0,0,0,0,0,0,2,0,2,0,0,0.0,63,30,33,1,0,1,0,0,0,0,0,0
154590,47,25,22,0,0,0,1,0,1,0,0,0,1,1,0,0,0,1.0986122886681098,44,23,21,1,1,0,0,0,0,0,0,0
154642,27,12,15,0,0,0,1,0,1,0,0,0,1,1,0,0,0,0.0,25,11,14,0,0,0,0,0,0,0,0,0
154688,68,28,40,0,0,0,2,0,2,3,0,3,2,2,0,0,0,0.0,60,26,34,0,0,0,1,0,1,0,0,0
154697,58,29,29,0,0,0,1,0,1,3,3,0,0,0,0,0,0,1.0986122886681098,54,26,28,0,0,0,0,0,0,0,0,0
154712,132,87,45,2,1,1,2,0,2,0,0,0,9,6,3,0,0,0.0,115,77,38,4,3,1,0,0,0,0,0,0
154721,45,20,25,0,0,0,1,1,0,1,0,1,0,0,0,0,0,0.0,39,18,21,1,0,1,3,1,2,0,0,0
154749,35,14,21,0,0,0,1,0,1,1,0,1,1,0,1,0,0,0.0,29,14,15,0,0,0,3,0,3,0,0,0
154800,141,66,75,2,2,0,2,2,0,1,1,0,4,2,2,1,0,0.0,128,59,69,1,0,1,2,0,2,0,0,0
154855,12,10,2,0,0,0,0,0,0,0,0,0,0,0,0,0,0,0.0,11,9,2,1,1,0,0,0,0,0,0,0
154907,41,23,18,0,0,0,0,0,0,0,0,0,0,0,0,0,0,1.0986122886681098,40,22,18,0,0,0,1,1,0,0,0,0
154925,41,29,12,1,1,0,2,1,1,0,0,0,0,0,0,0,0,0.0,38,27,11,0,0,0,0,0,0,0,0,0
154934,40,15,25,0,0,0,0,0,0,0,0,0,0,0,0,0,0,0.0,39,14,25,1,1,0,0,0,0,0,0,0
154952,63,37,26,0,0,0,0,0,0,2,2,0,3,1,2,0,0,1.0986122886681098,58,34,24,0,0,0,0,0,0,0,0,0
154998,47,20,27,0,0,0,0,0,0,0,0,0,4,2,2,0,0,0.0,42,17,25,1,1,0,0,0,0,0,0,0
155007,14,6,8,1,0,1,0,0,0,2,2,0,0,0,0,0,0,0.0,9,4,5,0,0,0,2,0,2,0,0,0
155025,218,113,105,2,1,1,20,15,5,4,2,2,12,10,2,0,0,0.0,177,84,93,2,0,2,0,0,0,1,1,0
155052,37,16,21,0,0,0,0,0,0,0,0,0,0,0,0,0,0,0.0,37,16,21,0,0,0,0,0,0,0,0,0
155061,344,174,170,2,0,2,27,12,15,9,6,3,13,7,6,0,0,0.0,245,124,121,13,6,7,29,15,14,6,4,2
155070,14,9,5,0,0,0,0,0,0,0,0,0,0,0,0,0,0,0.0,14,9,5,0,0,0,0,0,0,0,0,0
155089,58,31,27,1,0,1,2,1,1,5,5,0,2,2,0,0,0,0.0,46,23,23,1,0,1,1,0,1,0,0,0
155098,40,20,20,1,1,0,0,0,0,0,0,0,0,0,0,1,1,0.0,38,18,20,0,0,0,0,0,0,0,0,0
155104,73,37,36,0,0,0,1,0,1,2,1,1,6,2,4,0,0,0.0,64,34,30,0,0,0,0,0,0,0,0,0
155140,34,18,16,20,8,12,0,0,0,0,0,0,2,2,0,0,0,0.6931471805599453,7,3,4,0,0,0,5,5,0,0,0,0
155177,37,20,17,0,0,0,0,0,0,1,1,0,0,0,0,0,0,0.6931471805599453,34,19,15,1,0,1,1,0,1,0,0,0
155186,51,26,25,0,0,0,1,1,0,0,0,0,0,0,0,0,0,0.6931471805599453,48,24,24,1,0,1,1,1,0,0,0,0
155195,136,66,70,1,1,0,1,0,1,1,0,1,0,0,0,0,0,0.0,133,65,68,0,0,0,0,0,0,0,0,0
155201,27,14,13,0,0,0,1,1,0,2,1,1,1,0,1,0,0,0.0,23,12,11,0,0,0,0,0,0,0,0,0
155210,324,158,166,1,1,0,10,1,9,9,5,4,7,4,3,0,0,0.0,284,141,143,4,1,3,9,5,4,0,0,0
155283,19,2,17,0,0,0,0,0,0,2,0,2,0,0,0,0,0,0.0,17,2,15,0,0,0,0,0,0,0,0,0
155292,147,78,69,1,0,1,6,3,3,18,9,9,9,3,6,0,0,0.0,109,59,50,3,3,0,1,1,0,0,0,0
155308,7,3,4,0,0,0,0,0,0,1,1,0,0,0,0,0,0,0.0,6,2,4,0,0,0,0,0,0,0,0,0
155317,2510,1439,1071,11,8,3,350,217,133,79,40,39,83,47,36,3,2,0.0,1785,1009,776,46,15,31,35,23,12,118,78,40
155335,76,29,47,0,0,0,3,2,1,1,0,1,2,0,2,0,0,0.0,68,27,41,0,0,0,0,0,0,2,0,2
155399,914,529,385,3,2,1,115,80,35,20,10,10,25,8,17,0,0,0.0,691,401,290,26,13,13,11,7,4,23,8,15
155414,48,18,30,0,0,0,3,2,1,0,0,0,1,0,1,0,0,0.0,43,15,28,1,1,0,0,0,0,0,0,0
155450,30,10,20,0,0,0,1,0,1,1,1,0,1,1,0,0,0,0.0,26,7,19,1,1,0,0,0,0,0,0,0
155487,25,15,10,0,0,0,0,0,0,0,0,0,1,0,1,0,0,0.6931471805599453,17,12,5,0,0,0,7,3,4,0,0,0
155496,8,7,1,0,0,0,0,0,0,0,0,0,0,0,0,0,0,0.6931471805599453,8,7,1,0,0,0,0,0,0,0,0,0
155511,52,31,21,0,0,0,2,1,1,0,0,0,2,1,1,0,0,0.0,23,11,12,1,1,0,21,14,7,3,3,0
155520,60,28,32,0,0,0,0,0,0,1,0,1,0,0,0,0,0,0.0,59,28,31,0,0,0,0,0,0,0,0,0
155566,50,26,24,3,1,2,0,0,0,0,0,0,1,0,1,0,0,0.0,41,21,20,1,1,0,0,0,0,4,3,1
155593,58,31,27,0,0,0,0,0,0,0,0,0,0,0,0,0,0,0.0,57,30,27,1,1,0,0,0,0,0,0,0
155618,28,20,8,0,0,0,0,0,0,0,0,0,2,2,0,0,0,0.0,26,18,8,0,0,0,0,0,0,0,0,0
155627,24,15,9,0,0,0,1,1,0,0,0,0,2,1,1,0,0,0.0,19,12,7,0,0,0,0,0,0,2,1,1
155636,6,0,6,0,0,0,0,0,0,0,0,0,0,0,0,0,0,0.0,6,0,6,0,0,0,0,0,0,0,0,0
155681,265,148,117,6,6,0,19,11,8,3,3,0,5,3,2,0,0,0.0,224,119,105,6,4,2,0,0,0,2,2,0
155715,35,26,9,0,0,0,0,0,0,0,0,0,1,1,0,0,0,0.0,33,24,9,1,1,0,0,0,0,0,0,0
155812,83,29,54,0,0,0,3,2,1,5,0,5,2,0,2,0,0,0.0,73,27,46,0,0,0,0,0,0,0,0,0
155830,33,18,15,0,0,0,0,0,0,0,0,0,2,1,1,0,0,0.0,31,17,14,0,0,0,0,0,0,0,0,0
155858,53,29,24,0,0,0,1,1,0,1,1,0,8,5,3,0,0,0.0,42,21,21,0,0,0,0,0,0,1,1,0
155900,41,25,16,0,0,0,5,2,3,2,1,1,0,0,0,0,0,0.6931471805599453,34,22,12,0,0,0,0,0,0,0,0,0
155937,49,27,22,0,0,0,3,2,1,0,0,0,1,0,1,0,0,0.6931471805599453,45,25,20,0,0,0,0,0,0,0,0,0
155973,39,25,14,0,0,0,2,0,2,2,2,0,0,0,0,0,0,0.0,35,23,12,0,0,0,0,0,0,0,0,0
156082,257,112,145,3,1,2,3,2,1,5,3,2,9,4,5,0,0,0.0,194,77,117,4,2,2,16,6,10,23,17,6
156107,82,50,32,2,2,0,1,0,1,5,3,2,4,2,2,0,0,0.0,69,43,26,0,0,0,1,0,1,0,0,0
156125,536,283,253,1,1,0,27,19,8,9,4,5,17,9,8,0,0,0.0,358,163,195,4,3,1,9,6,3,111,78,33
156134,30,22,8,2,1,1,0,0,0,2,1,1,2,1,1,0,0,0.0,24,19,5,0,0,0,0,0,0,0,0,0
156189,28,14,14,0,0,0,0,0,0,0,0,0,0,0,0,0,0,0.0,28,14,14,0,0,0,0,0,0,0,0,0
156213,86,47,39,0,0,0,3,2,1,1,0,1,3,1,2,0,0,0.0,79,44,35,0,0,0,0,0,0,0,0,0
156222,49,40,9,0,0,0,3,2,1,3,2,1,2,2,0,0,0,0.0,41,34,7,0,0,0,0,0,0,0,0,0
156231,71,35,36,0,0,0,1,1,0,1,1,0,0,0,0,0,0,0.0,62,29,33,0,0,0,6,3,3,1,1,0
156286,167,68,99,0,0,0,7,5,2,12,4,8,3,2,1,0,0,0.0,140,55,85,2,2,0,1,0,1,2,0,2
156295,137,66,71,1,1,0,8,3,5,14,3,11,4,1,3,0,0,0.0,101,52,49,3,3,0,3,1,2,3,2,1
156338,92,40,52,2,1,1,2,1,1,4,1,3,0,0,0,0,0,0.0,79,35,44,1,1,0,4,1,3,0,0,0
156356,40,19,21,0,0,0,0,0,0,1,0,1,1,1,0,0,0,0.0,35,18,17,0,0,0,3,0,3,0,0,0
156365,261,110,151,0,0,0,0,0,0,13,7,6,3,1,2,0,0,0.0,198,74,124,7,5,2,29,17,12,11,6,5
156392,190,84,106,2,0,2,1,0,1,11,4,7,2,0,2,0,0,0.0,167,77,90,3,1,2,3,1,2,1,1,0
156408,136,70,66,0,0,0,12,5,7,6,1,5,4,1,3,0,0,0.0,109,61,48,2,1,1,3,1,2,0,0,0
156417,7,6,1,0,0,0,0,0,0,0,0,0,0,0,0,0,0,0.0,7,6,1,0,0,0,0,0,0,0,0,0
156471,89,8,81,0,0,0,2,0,2,5,0,5,1,1,0,0,0,0.0,77,7,70,4,0,4,0,0,0,0,0,0
156541,260,122,138,1,0,1,1,0,1,29,18,11,0,0,0,0,0,0.0,169,76,93,4,3,1,56,25,31,0,0,0
156620,506,246,260,1,0,1,20,11,9,18,10,8,11,6,5,0,0,0.0,400,195,205,14,5,9,2,1,1,40,18,22
156648,105,58,47,0,0,0,1,0,1,3,0,3,0,0,0,0,0,0.0,93,50,43,6,6,0,0,0,0,2,2,0
156727,129,10,119,0,0,0,1,0,1,15,0,15,2,0,2,0,0,0.0,107,10,97,1,0,1,3,0,3,0,0,0
156745,71,39,32,0,0,0,0,0,0,1,1,0,2,1,1,0,0,0.0,55,29,26,1,0,1,9,6,3,3,2,1
156790,74,34,40,0,0,0,0,0,0,0,0,0,0,0,0,0,0,0.0,70,30,40,3,3,0,0,0,0,1,1,0
156851,34,10,24,0,0,0,1,0,1,1,0,1,0,0,0,0,0,0.0,31,9,22,0,0,0,1,1,0,0,0,0
156860,51,19,32,1,1,0,0,0,0,2,0,2,1,1,0,0,0,0.0,42,15,27,5,2,3,0,0,0,0,0,0
156921,169,76,93,1,1,0,3,1,2,16,4,12,1,1,0,0,0,0.0,142,67,75,6,2,4,0,0,0,0,0,0
157021,8,4,4,0,0,0,0,0,0,0,0,0,0,0,0,0,0,0.0,7,3,4,1,1,0,0,0,0,0,0,0
157058,95,49,46,1,0,1,8,5,3,29,18,11,1,0,1,0,0,0.0,34,19,15,2,1,1,19,5,14,1,1,0
157076,46,24,22,0,0,0,1,1,0,1,0,1,0,0,0,0,0,0.0,44,23,21,0,0,0,0,0,0,0,0,0
157085,1675,949,726,1,0,1,219,144,75,81,40,41,68,34,34,1,1,0.0,1252,701,551,10,3,7,0,0,0,43,26,17
157100,27,10,17,0,0,0,0,0,0,1,0,1,0,0,0,0,0,0.0,26,10,16,0,0,0,0,0,0,0,0,0
157207,2,1,1,0,0,0,0,0,0,0,0,0,0,0,0,0,0,0.0,2,1,1,0,0,0,0,0,0,0,0,0
157216,111,48,63,1,0,1,1,1,0,4,1,3,2,1,1,0,0,0.0,102,44,58,0,0,0,1,1,0,0,0,0
157289,1211,613,598,2,1,1,120,81,39,79,32,47,37,20,17,1,1,0.0,888,435,453,15,3,12,9,6,3,60,34,26
157298,12,6,6,0,0,0,0,0,0,3,2,1,0,0,0,0,0,0.0,9,4,5,0,0,0,0,0,0,0,0,0
157304,78,31,47,0,0,0,0,0,0,1,0,1,1,0,1,0,0,0.0,70,27,43,1,0,1,4,3,1,1,1,0
157331,81,34,47,0,0,0,0,0,0,4,2,2,0,0,0,0,0,0.0,75,32,43,1,0,1,1,0,1,0,0,0
157377,33,12,21,0,0,0,2,1,1,0,0,0,2,1,1,0,0,0.0,28,9,19,1,1,0,0,0,0,0,0,0
157386,294,153,141,0,0,0,22,15,7,9,5,4,11,6,5,0,0,0.0,248,124,124,1,0,1,1,1,0,2,2,0
157401,436,220,216,0,0,0,21,11,10,13,7,6,8,4,4,0,0,0.0,357,179,178,2,0,2,2,0,2,33,19,14
157438,78,43,35,0,0,0,1,1,0,2,1,1,1,1,0,0,0,0.0,72,38,34,1,1,0,0,0,0,1,1,0
157447,599,269,330,3,1,2,31,14,17,40,20,20,12,6,6,1,1,0.0,470,200,270,5,2,3,3,3,0,34,22,12
157483,114,38,76,0,0,0,1,0,1,7,2,5,1,1,0,0,0,0.0,87,32,55,2,0,2,16,3,13,0,0,0
157535,110,49,61,0,0,0,10,5,5,4,1,3,0,0,0,0,0,0.0,91,39,52,0,0,0,1,1,0,4,3,1
157553,83,36,47,1,0,1,4,1,3,0,0,0,0,0,0,0,0,0.0,77,34,43,0,0,0,0,0,0,1,1,0
157711,135,55,80,0,0,0,1,1,0,1,1,0,2,2,0,1,0,0.0,128,51,77,1,0,1,1,0,1,0,0,0
157739,65,31,34,0,0,0,1,1,0,2,1,1,0,0,0,0,0,0.0,60,28,32,1,0,1,1,1,0,0,0,0
157748,44,42,2,0,0,0,1,1,0,1,1,0,0,0,0,0,0,0.0,35,33,2,0,0,0,7,7,0,0,0,0
157757,110,38,72,0,0,0,7,4,3,16,6,10,1,1,0,0,0,0.0,85,27,58,1,0,1,0,0,0,0,0,0
157793,115,45,70,0,0,0,6,3,3,6,2,4,3,2,1,0,0,0.0,98,37,61,2,1,1,0,0,0,0,0,0
157809,81,44,37,0,0,0,4,2,2,1,0,1,3,1,2,0,0,0.0,67,40,27,1,1,0,5,0,5,0,0,0
157818,84,43,41,0,0,0,3,0,3,2,1,1,2,0,2,0,0,0.0,77,42,35,0,0,0,0,0,0,0,0,0
157863,48,23,25,0,0,0,3,3,0,1,1,0,0,0,0,0,0,0.0,43,19,24,0,0,0,0,0,0,1,0,1
157951,642,305,337,4,2,2,61,28,33,38,17,21,16,8,8,0,0,0.0,507,245,262,8,3,5,7,2,5,1,0,1
158088,51,18,33,0,0,0,0,0,0,10,4,6,1,0,1,0,0,0.0,39,13,26,0,0,0,0,0,0,1,1,0
158431,125,41,84,1,1,0,1,0,1,17,5,12,2,1,1,0,0,0.0,102,33,69,2,1,1,0,0,0,0,0,0
158477,57,28,29,1,0,1,1,0,1,2,1,1,2,0,2,0,0,0.0,45,23,22,1,1,0,0,0,0,5,3,2
158662,269,91,178,0,0,0,7,5,2,55,10,45,19,8,11,1,0,0.0,180,66,114,6,2,4,0,0,0,1,0,1
158802,67,32,35,0,0,0,2,1,1,41,16,25,3,1,2,0,0,0.0,18,12,6,3,2,1,0,0,0,0,0,0
158884,31,20,11,0,0,0,1,1,0,3,2,1,1,1,0,0,0,0.0,25,15,10,1,1,0,0,0,0,0,0,0
159009,157,83,74,0,0,0,21,13,8,103,47,56,2,1,1,0,0,0.0,23,17,6,0,0,0,4,3,1,4,2,2
159197,22,18,4,0,0,0,0,0,0,3,2,1,0,0,0,0,0,0.0,19,16,3,0,0,0,0,0,0,0,0,0
159373,734,376,358,2,2,0,100,56,44,60,17,43,38,23,15,0,0,0.0,515,269,246,0,0,0,3,1,2,16,8,8
159382,91,42,49,0,0,0,11,7,4,5,2,3,1,1,0,0,0,0.0,69,29,40,1,0,1,1,0,1,3,3,0
159391,1352,782,570,3,2,1,157,113,44,67,31,36,63,37,26,0,0,0.0,913,510,403,9,5,4,41,23,18,99,61,38
159407,66,23,43,0,0,0,2,2,0,6,0,6,4,2,2,0,0,0.0,52,18,34,1,0,1,0,0,0,1,1,0
159416,152,89,63,2,2,0,17,14,3,12,5,7,0,0,0,0,0,0.0,96,54,42,3,1,2,5,5,0,17,8,9
159568,62,27,35,0,0,0,3,2,1,7,4,3,0,0,0,0,0,0.0,49,18,31,1,1,0,0,0,0,2,2,0
159647,392,232,160,0,0,0,14,10,4,17,8,9,7,4,3,0,0,0.0,303,174,129,1,0,1,0,0,0,50,36,14
159656,239,133,106,0,0,0,14,7,7,17,10,7,17,13,4,0,0,0.0,172,92,80,3,2,1,8,3,5,8,6,2
159717,232,111,121,1,0,1,25,16,9,13,4,9,1,0,1,0,0,0.0,179,85,94,0,0,0,1,0,1,12,6,6
159939,263,161,102,0,0,0,35,33,2,16,6,10,10,5,5,0,0,0.0,198,114,84,3,2,1,1,1,0,0,0,0
159948,50,43,7,0,0,0,2,2,0,2,2,0,0,0,0,0,0,0.0,46,39,7,0,0,0,0,0,0,0,0,0
159966,266,110,156,1,1,0,12,8,4,11,1,10,2,1,1,0,0,0.0,221,87,134,0,0,0,2,1,1,17,11,6
159993,334,142,192,1,0,1,21,13,8,23,9,14,14,6,8,0,0,0.0,273,113,160,1,1,0,1,0,1,0,0,0
160010,35,22,13,0,0,0,0,0,0,12,7,5,0,0,0,0,0,0.0,23,15,8,0,0,0,0,0,0,0,0,0
160038,321,121,200,2,0,2,4,2,2,18,2,16,18,11,7,0,0,0.0,234,82,152,3,2,1,25,9,16,17,13,4
160065,69,25,44,0,0,0,3,2,1,7,1,6,5,3,2,0,0,0.0,51,19,32,2,0,2,1,0,1,0,0,0
160074,89,25,64,1,0,1,2,2,0,15,3,12,2,1,1,0,0,0.0,68,19,49,0,0,0,1,0,1,0,0,0
160409,20,18,2,0,0,0,1,1,0,0,0,0,1,1,0,0,0,0.0,17,15,2,0,0,0,0,0,0,1,1,0
160481,61,24,37,0,0,0,1,0,1,4,3,1,0,0,0,0,0,0.0,56,21,35,0,0,0,0,0,0,0,0,0
160579,103,48,55,0,0,0,1,1,0,14,5,9,3,0,3,0,0,0.0,83,42,41,1,0,1,0,0,0,1,0,1
160612,493,217,276,1,1,0,25,18,7,26,9,17,17,4,13,0,0,0.0,407,175,232,1,0,1,0,0,0,16,10,6
160621,301,146,155,3,2,1,36,26,10,222,92,130,5,4,1,3,0,0.0,32,22,10,0,0,0,0,0,0,0,0,0
160630,85,51,34,0,0,0,6,4,2,57,31,26,0,0,0,0,0,0.0,22,16,6,0,0,0,0,0,0,0,0,0
160649,69,24,45,0,0,0,0,0,0,58,17,41,1,0,1,0,0,0.0,10,7,3,0,0,0,0,0,0,0,0,0
160658,613,331,282,1,0,1,72,51,21,30,14,16,23,16,7,0,0,0.0,466,238,228,5,3,2,1,0,1,15,9,6
160667,93,37,56,1,0,1,1,1,0,13,3,10,2,1,1,0,0,0.0,76,32,44,0,0,0,0,0,0,0,0,0
160755,1531,849,682,7,6,1,218,146,72,87,32,55,97,48,49,0,0,0.0,1015,555,460,31,14,17,10,5,5,66,43,23
160904,244,124,120,1,0,1,6,3,3,91,31,60,7,4,3,10,5,0.0,87,54,33,3,1,2,5,1,4,34,25,9
160959,28,14,14,0,0,0,2,0,2,0,0,0,1,0,1,0,0,0.0,25,14,11,0,0,0,0,0,0,0,0,0
160977,187,76,111,0,0,0,11,4,7,9,6,3,12,5,7,0,0,0.0,134,55,79,11,4,7,1,0,1,9,2,7
160995,15,4,11,0,0,0,0,0,0,0,0,0,0,0,0,0,0,0.6931471805599453,14,3,11,0,0,0,1,1,0,0,0,0
161004,218,102,116,0,0,0,15,7,8,10,6,4,19,11,8,0,0,0.6931471805599453,142,65,77,3,1,2,19,10,9,10,2,8
161022,12,0,12,0,0,0,0,0,0,0,0,0,0,0,0,0,0,0.6931471805599453,12,0,12,0,0,0,0,0,0,0,0,0
161077,58,33,25,0,0,0,1,1,0,0,0,0,0,0,0,0,0,0.6931471805599453,53,31,22,0,0,0,4,1,3,0,0,0
161086,253,112,141,0,0,0,21,5,16,6,1,5,9,5,4,0,0,0.6931471805599453,126,56,70,4,1,3,68,35,33,19,9,10
161138,59,31,28,0,0,0,0,0,0,0,0,0,0,0,0,1,1,0.6931471805599453,58,30,28,0,0,0,0,0,0,0,0,0
161192,51,22,29,0,0,0,0,0,0,0,0,0,1,1,0,0,0,0.6931471805599453,41,14,27,0,0,0,9,7,2,0,0,0
161217,97,34,63,0,0,0,1,0,1,0,0,0,1,0,1,0,0,0.6931471805599453,90,31,59,1,1,0,4,2,2,0,0,0
161226,99,38,61,1,1,0,2,0,2,0,0,0,3,2,1,0,0,0.6931471805599453,89,33,56,0,0,0,2,0,2,2,2,0
161235,27,15,12,0,0,0,0,0,0,1,1,0,0,0,0,0,0,0.0,21,10,11,0,0,0,0,0,0,5,4,1
161253,565,321,244,4,3,1,18,13,5,4,1,3,12,5,7,0,0,0.0,399,216,183,6,2,4,33,16,17,89,65,24
161299,74,57,17,0,0,0,1,1,0,0,0,0,0,0,0,0,0,0.0,73,56,17,0,0,0,0,0,0,0,0,0
161341,37,21,16,0,0,0,2,2,0,0,0,0,0,0,0,0,0,0.0,33,17,16,0,0,0,0,0,0,2,2,0
161457,286,133,153,1,1,0,11,3,8,2,1,1,2,1,1,1,0,0.0,255,119,136,2,2,0,6,2,4,6,4,2
161484,44,25,19,0,0,0,0,0,0,0,0,0,0,0,0,0,0,0.0,44,25,19,0,0,0,0,0,0,0,0,0
161509,30,16,14,0,0,0,3,1,2,1,1,0,1,1,0,0,0,0.0,22,11,11,3,2,1,0,0,0,0,0,0
161518,59,25,34,0,0,0,3,0,3,2,0,2,0,0,0,0,0,0.0,53,25,28,0,0,0,1,0,1,0,0,0
161545,103,53,50,0,0,0,1,0,1,0,0,0,1,0,1,0,0,0.0,99,52,47,0,0,0,2,1,1,0,0,0
161554,279,124,155,1,0,1,7,4,3,3,2,1,10,3,7,1,1,0.0,217,92,125,3,1,2,16,9,7,21,12,9
161563,37,24,13,0,0,0,0,0,0,1,1,0,1,1,0,0,0,0.0,26,19,7,0,0,0,9,3,6,0,0,0
161572,29,14,15,0,0,0,0,0,0,3,1,2,1,1,0,0,0,0.0,24,11,13,1,1,0,0,0,0,0,0,0
161581,22,14,8,0,0,0,0,0,0,0,0,0,0,0,0,0,0,0.0,22,14,8,0,0,0,0,0,0,0,0,0
161688,99,35,64,0,0,0,1,1,0,0,0,0,0,0,0,0,0,0.0,97,33,64,0,0,0,1,1,0,0,0,0
161767,230,80,150,1,0,1,13,5,8,28,10,18,7,4,3,0,0,0.0,179,61,118,2,0,2,0,0,0,0,0,0
161864,85,37,48,0,0,0,2,2,0,57,21,36,0,0,0,0,0,0.0,17,8,9,0,0,0,0,0,0,9,6,3
161873,165,84,81,0,0,0,23,10,13,18,8,10,8,2,6,0,0,0.0,108,60,48,1,1,0,3,1,2,4,2,2
162007,231,103,128,0,0,0,15,9,6,157,64,93,14,7,7,0,0,0.0,30,16,14,1,0,1,11,4,7,3,3,0
162061,16,11,5,0,0,0,1,1,0,3,2,1,1,1,0,0,0,0.0,8,6,2,0,0,0,3,1,2,0,0,0
162104,51,20,31,0,0,0,0,0,0,3,0,3,2,1,1,0,0,0.0,41,17,24,0,0,0,2,0,2,3,2,1
162122,114,43,71,0,0,0,6,2,4,18,6,12,6,3,3,0,0,0.0,83,32,51,1,0,1,0,0,0,0,0,0
162168,52,16,36,0,0,0,2,2,0,1,0,1,1,0,1,0,0,0.0,45,13,32,0,0,0,3,1,2,0,0,0
162210,32,15,17,0,0,0,5,1,4,12,5,7,2,2,0,0,0,0.0,13,7,6,0,0,0,0,0,0,0,0,0
162283,117,54,63,0,0,0,10,6,4,86,31,55,2,2,0,0,0,0.0,11,10,1,1,0,1,0,0,0,7,5,2
162557,104,40,64,0,0,0,8,2,6,13,7,6,4,0,4,0,0,0.0,76,31,45,0,0,0,3,0,3,0,0,0
162584,218,114,104,0,0,0,24,16,8,9,6,3,2,1,1,0,0,0.0,171,84,87,1,0,1,0,0,0,11,7,4
162609,20,14,6,0,0,0,1,1,0,0,0,0,0,0,0,0,0,0.6931471805599453,18,12,6,0,0,0,1,1,0,0,0,0
162654,106,41,65,0,0,0,5,2,3,11,5,6,8,1,7,0,0,0.6931471805599453,80,31,49,0,0,0,1,1,0,1,1,0
162690,76,27,49,0,0,0,1,0,1,4,2,2,0,0,0,0,0,0.0,70,24,46,0,0,0,1,1,0,0,0,0
162706,104,41,63,0,0,0,4,3,1,7,3,4,3,1,2,0,0,0.6931471805599453,89,34,55,1,0,1,0,0,0,0,0,0
162760,95,37,58,0,0,0,16,9,7,5,0,5,3,0,3,0,0,0.0,66,25,41,0,0,0,3,1,2,2,2,0
162779,187,64,123,0,0,0,20,5,15,30,15,15,6,3,3,0,0,0.0,128,38,90,1,1,0,0,0,0,2,2,0
162928,3909,2211,1698,8,5,3,782,447,335,204,90,114,168,87,81,1,0,0.0,2364,1354,1010,65,23,42,125,90,35,192,115,77
163028,40,37,3,1,1,0,1,1,0,17,15,2,1,1,0,0,0,0.0,15,14,1,2,2,0,3,3,0,0,0,0
163046,328,154,174,0,0,0,33,18,15,15,8,7,14,5,9,0,0,0.0,249,118,131,4,2,2,7,2,5,6,1,5
163204,177,89,88,1,1,0,19,7,12,15,7,8,3,2,1,0,0,0.0,116,58,58,0,0,0,6,2,4,17,12,5
163259,1901,974,927,3,2,1,430,262,168,175,67,108,66,25,41,2,0,0.0,1148,580,568,16,6,10,3,3,0,58,29,29
163268,560,293,267,0,0,0,102,57,45,35,14,21,30,14,16,0,0,0.0,352,189,163,4,1,3,11,2,9,26,16,10
163286,1894,1122,772,3,1,2,264,169,95,131,59,72,114,59,55,1,0,0.0,1131,686,445,20,8,12,166,98,68,64,42,22
163295,137,56,81,0,0,0,8,2,6,13,5,8,5,2,3,0,0,0.0,88,40,48,3,0,3,20,7,13,0,0,0
163338,202,115,87,0,0,0,40,25,15,67,34,33,9,6,3,1,1,0.0,71,43,28,5,3,2,7,2,5,2,1,1
163426,463,190,273,5,0,5,58,23,35,94,35,59,28,13,15,0,0,0.6931471805599453,273,117,156,3,0,3,2,2,0,0,0,0
163453,409,229,180,3,2,1,22,15,7,183,94,89,8,4,4,0,0,0.0,58,30,28,6,1,5,48,24,24,81,59,22
163462,133,81,52,0,0,0,7,1,6,7,5,2,7,5,2,0,0,0.6931471805599453,110,70,40,2,0,2,0,0,0,0,0,0
163532,13,13,0,0,0,0,0,0,0,0,0,0,0,0,0,0,0,0.0,13,13,0,0,0,0,0,0,0,0,0,0
163578,94,25,69,0,0,0,12,7,5,8,2,6,3,1,2,0,0,0.0,69,15,54,2,0,2,0,0,0,0,0,0
163657,233,88,145,0,0,0,15,3,12,96,33,63,7,3,4,0,0,0.0,100,45,55,2,1,1,7,2,5,6,1,5
163851,425,200,225,1,0,1,47,24,23,23,11,12,14,7,7,0,0,0.0,318,147,171,2,1,1,1,1,0,19,9,10
163912,122,61,61,0,0,0,6,3,3,5,3,2,6,2,4,0,0,0.0,97,49,48,0,0,0,1,1,0,7,3,4
163976,51,38,13,0,0,0,1,1,0,1,1,0,0,0,0,0,0,0.0,40,30,10,2,2,0,0,0,0,7,4,3
164076,905,371,534,1,0,1,136,66,70,60,19,41,36,16,20,2,2,0.0,641,257,384,14,4,10,9,4,5,6,3,3
164085,10,5,5,0,0,0,0,0,0,0,0,0,0,0,0,0,0,0.0,10,5,5,0,0,0,0,0,0,0,0,0
164155,325,224,101,2,2,0,26,15,11,12,10,2,14,6,8,1,0,0.0,266,188,78,0,0,0,4,3,1,0,0,0
164173,113,47,66,0,0,0,3,0,3,16,6,10,2,1,1,0,0,0.6931471805599453,89,40,49,2,0,2,1,0,1,0,0,0
164216,100,46,54,1,0,1,13,8,5,3,0,3,8,4,4,0,0,0.0,75,34,41,0,0,0,0,0,0,0,0,0
164270,125,51,74,0,0,0,9,4,5,10,5,5,4,1,3,0,0,0.6931471805599453,102,41,61,0,0,0,0,0,0,0,0,0
164313,68,23,45,0,0,0,5,3,2,1,0,1,1,1,0,0,0,0.0,61,19,42,0,0,0,0,0,0,0,0,0
164368,35,27,8,0,0,0,7,4,3,1,1,0,4,4,0,0,0,0.0,22,17,5,0,0,0,1,1,0,0,0,0
164447,53,18,35,0,0,0,4,0,4,2,0,2,1,1,0,0,0,0.0,44,16,28,2,1,1,0,0,0,0,0,0
164465,273,136,137,2,0,2,40,16,24,22,12,10,16,9,7,0,0,0.0,167,83,84,1,1,0,11,6,5,14,9,5
164492,48,19,29,0,0,0,3,2,1,2,0,2,1,0,1,1,1,0.0,41,16,25,0,0,0,0,0,0,0,0,0
164562,132,64,68,0,0,0,5,0,5,1,0,1,10,5,5,0,0,0.0,107,53,54,0,0,0,6,4,2,3,2,1
164580,195,115,80,0,0,0,31,20,11,6,4,2,2,1,1,0,0,0.0,155,90,65,1,0,1,0,0,0,0,0,0
164632,77,11,66,0,0,0,1,1,0,3,1,2,2,1,1,0,0,0.0,71,8,63,0,0,0,0,0,0,0,0,0
164641,11,7,4,0,0,0,1,1,0,0,0,0,0,0,0,0,0,0.0,9,5,4,0,0,0,1,1,0,0,0,0
164739,274,150,124,0,0,0,38,19,19,14,8,6,7,4,3,0,0,0.6931471805599453,182,108,74,0,0,0,9,3,6,24,8,16
164748,352,232,120,1,1,0,16,7,9,43,33,10,20,17,3,0,0,0.6931471805599453,260,166,94,1,1,0,10,7,3,1,0,1
164775,49,12,37,0,0,0,2,1,1,1,1,0,2,1,1,0,0,0.6931471805599453,41,8,33,0,0,0,3,1,2,0,0,0
164872,15,6,9,0,0,0,1,0,1,0,0,0,1,0,1,0,0,0.6931471805599453,9,4,5,1,1,0,1,1,0,2,0,2
164924,888,504,384,3,2,1,105,57,48,41,20,21,42,22,20,1,1,0.6931471805599453,674,391,283,7,2,5,0,0,0,15,9,6
164988,3112,1562,1550,3,1,2,372,184,188,152,58,94,150,72,78,1,0,0.6931471805599453,2103,1078,1025,42,25,17,80,29,51,209,115,94
165015,401,202,199,0,0,0,45,22,23,11,4,7,20,9,11,0,0,0.6931471805599453,248,127,121,1,1,0,45,26,19,31,13,18
165024,330,147,183,2,1,1,31,14,17,15,8,7,9,5,4,1,0,0.0,246,108,138,6,3,3,20,8,12,0,0,0
165033,110,42,68,0,0,0,5,3,2,7,4,3,7,5,2,0,0,0.0,91,30,61,0,0,0,0,0,0,0,0,0
165112,142,56,86,0,0,0,19,5,14,24,16,8,5,3,2,0,0,0.0,92,30,62,2,2,0,0,0,0,0,0,0
165167,14,4,10,0,0,0,1,0,1,1,0,1,0,0,0,0,0,0.0,12,4,8,0,0,0,0,0,0,0,0,0
165194,67,28,39,0,0,0,3,3,0,4,3,1,4,1,3,0,0,0.0,55,21,34,0,0,0,1,0,1,0,0,0
165264,34,4,30,0,0,0,0,0,0,1,0,1,0,0,0,0,0,0.0,33,4,29,0,0,0,0,0,0,0,0,0
165334,230,134,96,0,0,0,30,18,12,15,9,6,17,12,5,0,0,0.0,143,83,60,1,0,1,0,0,0,24,12,12
165529,105,21,84,0,0,0,3,0,3,6,0,6,0,0,0,0,0,0.0,95,21,74,1,0,1,0,0,0,0,0,0
165574,33,18,15,0,0,0,1,1,0,1,0,1,1,0,1,0,0,0.0,30,17,13,0,0,0,0,0,0,0,0,0
165644,25,16,9,0,0,0,1,1,0,0,0,0,0,0,0,0,0,0.0,23,14,9,0,0,0,1,1,0,0,0,0
165662,223,108,115,1,1,0,18,10,8,17,9,8,12,3,9,0,0,0.0,146,72,74,6,3,3,17,8,9,6,2,4
165671,109,44,65,0,0,0,10,3,7,4,2,2,8,4,4,0,0,0.0,86,35,51,1,0,1,0,0,0,0,0,0
165699,118,43,75,0,0,0,10,2,8,5,2,3,2,2,0,0,0,0.0,86,31,55,4,1,3,11,5,6,0,0,0
165802,34,13,21,0,0,0,3,1,2,1,0,1,1,1,0,0,0,0.0,28,11,17,0,0,0,1,0,1,0,0,0
165820,189,89,100,0,0,0,17,10,7,11,6,5,4,2,2,0,0,0.0,155,70,85,2,1,1,0,0,0,0,0,0
165866,173,74,99,0,0,0,17,6,11,8,3,5,7,3,4,0,0,0.0,134,58,76,1,0,1,0,0,0,6,4,2
165884,29,22,7,1,0,1,4,3,1,3,2,1,0,0,0,0,0,0.0,20,16,4,0,0,0,0,0,0,1,1,0
165936,72,39,33,0,0,0,3,1,2,1,1,0,4,1,3,1,0,0.0,32,23,9,0,0,0,31,13,18,0,0,0
165945,22,10,12,0,0,0,2,1,1,2,0,2,0,0,0,0,0,0.0,18,9,9,0,0,0,0,0,0,0,0,0
165981,40,10,30,0,0,0,1,0,1,1,0,1,2,0,2,0,0,0.0,36,10,26,0,0,0,0,0,0,0,0,0
166018,40,19,21,0,0,0,1,0,1,3,2,1,3,1,2,0,0,0.0,30,15,15,1,1,0,0,0,0,2,0,2
166027,2131,1323,808,2,1,1,273,173,100,106,61,45,101,53,48,0,0,0.0,1489,951,538,32,19,13,2,1,1,126,64,62
166045,8,4,4,0,0,0,0,0,0,0,0,0,0,0,0,0,0,0.0,8,4,4,0,0,0,0,0,0,0,0,0
166054,15,12,3,0,0,0,0,0,0,0,0,0,0,0,0,0,0,0.0,15,12,3,0,0,0,0,0,0,0,0,0
166124,319,156,163,0,0,0,20,7,13,10,4,6,15,8,7,0,0,0.0,219,107,112,14,9,5,28,12,16,13,9,4
166133,102,31,71,0,0,0,3,0,3,6,1,5,6,3,3,0,0,0.0,83,25,58,3,1,2,1,1,0,0,0,0
166391,69,29,40,1,1,0,8,6,2,1,0,1,5,2,3,0,0,0.0,48,18,30,1,1,0,5,1,4,0,0,0
166407,29,3,26,0,0,0,0,0,0,0,0,0,2,1,1,0,0,0.0,27,2,25,0,0,0,0,0,0,0,0,0
166452,155,56,99,1,0,1,15,4,11,8,3,5,4,2,2,0,0,0.0,119,45,74,6,2,4,2,0,2,0,0,0
166489,10,5,5,0,0,0,2,0,2,0,0,0,0,0,0,0,0,0.0,8,5,3,0,0,0,0,0,0,0,0,0
166513,628,336,292,0,0,0,140,82,58,13,6,7,20,14,6,0,0,0.0,415,210,205,5,2,3,4,2,2,31,20,11
166629,1444,766,678,3,0,3,213,121,92,66,35,31,53,26,27,0,0,0.0,981,514,467,22,10,12,43,24,19,63,36,27
166638,674,323,351,4,0,4,103,53,50,52,25,27,42,21,21,0,0,0.0,429,201,228,5,4,1,10,5,5,29,14,15
166647,71,33,38,1,0,1,7,4,3,3,0,3,5,5,0,0,0,0.0,47,21,26,0,0,0,8,3,5,0,0,0
166656,293,93,200,0,0,0,29,14,15,9,7,2,3,1,2,0,0,0.0,225,61,164,5,1,4,15,7,8,7,2,5
166674,111,53,58,0,0,0,11,5,6,6,4,2,6,2,4,0,0,0.0,56,24,32,0,0,0,32,18,14,0,0,0
166683,1404,992,412,2,2,0,166,116,50,45,28,17,66,50,16,1,1,0.0,869,616,253,23,14,9,153,108,45,79,57,22
166692,94,60,34,0,0,0,8,5,3,2,2,0,4,4,0,0,0,0.0,78,49,29,1,0,1,0,0,0,1,0,1
166708,1416,770,646,0,0,0,290,159,131,35,14,21,56,26,30,0,0,0.0,775,440,335,0,0,0,32,18,14,228,113,115
166717,78,22,56,0,0,0,6,1,5,9,2,7,6,2,4,0,0,0.0,54,16,38,1,0,1,2,1,1,0,0,0
166823,98,46,52,0,0,0,3,3,0,10,6,4,1,0,1,0,0,0.0,84,37,47,0,0,0,0,0,0,0,0,0
166850,207,92,115,0,0,0,17,10,7,7,4,3,4,2,2,0,0,0.0,170,73,97,5,0,5,3,2,1,1,1,0
166869,114,19,95,0,0,0,9,4,5,6,1,5,3,0,3,1,0,0.0,92,13,79,3,1,2,0,0,0,0,0,0
166887,101,28,73,1,0,1,13,3,10,2,2,0,15,8,7,0,0,0.0,70,15,55,0,0,0,0,0,0,0,0,0
166911,21,8,13,0,0,0,2,0,2,0,0,0,0,0,0,0,0,0.0,18,8,10,0,0,0,1,0,1,0,0,0
166939,224,90,134,0,0,0,23,9,14,14,8,6,17,4,13,0,0,0.0,110,47,63,7,3,4,35,11,24,18,8,10
166957,66,22,44,0,0,0,1,0,1,2,1,1,3,2,1,0,0,0.0,59,19,40,0,0,0,1,0,1,0,0,0
167057,128,83,45,0,0,0,9,2,7,2,1,1,1,1,0,0,0,0.0,102,69,33,1,0,1,13,10,3,0,0,0
167093,44,13,31,0,0,0,10,2,8,0,0,0,0,0,0,0,0,0.0,31,10,21,1,0,1,2,1,1,0,0,0
167215,31,17,14,0,0,0,0,0,0,6,2,4,0,0,0,0,0,0.0,25,15,10,0,0,0,0,0,0,0,0,0
167260,52,32,20,0,0,0,1,1,0,0,0,0,0,0,0,0,0,0.0,41,25,16,4,2,2,0,0,0,6,4,2
167288,79,35,44,0,0,0,7,6,1,2,1,1,5,0,5,0,0,0.0,63,28,35,0,0,0,2,0,2,0,0,0
167312,114,35,79,2,1,1,8,4,4,7,3,4,8,4,4,1,0,0.0,86,22,64,0,0,0,2,1,1,0,0,0
167358,1606,883,723,5,1,4,98,57,41,56,23,33,50,31,19,1,0,0.0,861,457,404,22,12,10,182,89,93,331,213,118
167376,84,26,58,1,1,0,4,1,3,4,0,4,6,1,5,0,0,0.0,67,23,44,0,0,0,2,0,2,0,0,0
167394,57,19,38,0,0,0,0,0,0,3,0,3,0,0,0,0,0,0.0,53,19,34,1,0,1,0,0,0,0,0,0
167464,8,8,0,0,0,0,0,0,0,0,0,0,0,0,0,0,0,0.0,8,8,0,0,0,0,0,0,0,0,0,0
167525,36,16,20,0,0,0,1,1,0,2,1,1,1,1,0,0,0,0.0,31,13,18,1,0,1,0,0,0,0,0,0
167534,130,43,87,1,0,1,16,5,11,12,7,5,8,5,3,0,0,0.0,93,26,67,0,0,0,0,0,0,0,0,0
167598,134,32,102,0,0,0,6,2,4,10,4,6,6,1,5,0,0,0.0,97,23,74,3,0,3,12,2,10,0,0,0
167631,34,16,18,1,0,1,0,0,0,15,8,7,2,1,1,0,0,0.0,15,7,8,0,0,0,1,0,1,0,0,0
167677,16,14,2,0,0,0,0,0,0,0,0,0,0,0,0,0,0,0.0,13,11,2,0,0,0,0,0,0,3,3,0
167729,295,138,157,0,0,0,32,13,19,16,10,6,15,8,7,0,0,0.0,225,105,120,0,0,0,6,1,5,1,1,0
167783,223,56,167,0,0,0,17,5,12,25,6,19,20,4,16,1,0,0.0,146,37,109,4,0,4,4,1,3,6,3,3
167792,43,24,19,0,0,0,3,1,2,2,1,1,1,1,0,0,0,0.0,37,21,16,0,0,0,0,0,0,0,0,0
167835,328,120,208,1,1,0,22,4,18,24,6,18,15,6,9,1,0,0.0,214,81,133,11,5,6,7,2,5,33,15,18
167899,197,77,120,1,0,1,14,4,10,9,4,5,7,5,2,0,0,0.0,158,62,96,3,2,1,5,0,5,0,0,0
167905,114,44,70,0,0,0,5,1,4,4,2,2,5,1,4,0,0,0.0,97,39,58,2,0,2,1,1,0,0,0,0
167987,381,197,184,2,1,1,74,45,29,9,6,3,7,5,2,0,0,0.0,265,122,143,7,6,1,9,6,3,8,6,2
167996,163,80,83,0,0,0,13,9,4,2,1,1,8,4,4,0,0,0.0,117,58,59,0,0,0,17,8,9,6,0,6
168005,323,161,162,2,1,1,37,17,20,11,6,5,11,4,7,0,0,0.0,227,117,110,0,0,0,25,10,15,10,6,4
168148,975,488,487,1,0,1,131,72,59,31,16,15,49,18,31,0,0,0.0,661,340,321,25,9,16,37,15,22,40,18,22
168218,328,122,206,2,0,2,47,18,29,11,2,9,21,10,11,1,1,0.0,229,86,143,2,1,1,6,2,4,9,2,7
168227,167,109,58,0,0,0,29,17,12,7,6,1,5,5,0,0,0,0.0,107,71,36,3,2,1,16,8,8,0,0,0
168254,213,114,99,0,0,0,20,14,6,10,6,4,5,2,3,0,0,0.0,152,77,75,0,0,0,15,9,6,11,6,5
168263,198,92,106,0,0,0,19,11,8,16,6,10,9,7,2,0,0,0.0,154,68,86,0,0,0,0,0,0,0,0,0
168281,139,68,71,2,0,2,9,3,6,7,4,3,11,8,3,0,0,0.0,95,45,50,3,1,2,9,6,3,3,1,2
168342,308,160,148,0,0,0,33,10,23,25,12,13,26,14,12,0,0,0.0,207,114,93,5,2,3,0,0,0,12,8,4
168421,436,293,143,1,0,1,48,34,14,11,6,5,21,14,7,1,0,0.0,271,183,88,2,1,1,18,9,9,63,46,17
168430,202,82,120,2,1,1,23,7,16,5,3,2,17,9,8,3,2,0.0,150,60,90,2,0,2,0,0,0,0,0,0
168528,76,40,36,0,0,0,4,3,1,2,1,1,2,1,1,0,0,0.0,65,32,33,1,1,0,0,0,0,2,2,0
168546,124,61,63,0,0,0,5,2,3,7,5,2,6,1,5,0,0,0.0,100,51,49,2,0,2,1,0,1,3,2,1
168591,85,45,40,0,0,0,6,2,4,3,2,1,1,1,0,4,0,0.0,71,40,31,0,0,0,0,0,0,0,0,0
168607,44,30,14,0,0,0,1,1,0,0,0,0,0,0,0,0,0,0.0,43,29,14,0,0,0,0,0,0,0,0,0
168740,197,113,84,0,0,0,15,7,8,30,17,13,22,13,9,0,0,0.0,112,67,45,5,3,2,7,3,4,6,3,3
168786,80,47,33,1,0,1,1,1,0,1,0,1,2,1,1,0,0,0.0,49,26,23,0,0,0,26,19,7,0,0,0
168847,105,20,85,0,0,0,2,0,2,5,0,5,0,0,0,0,0,0.0,98,20,78,0,0,0,0,0,0,0,0,0
168883,38,19,19,0,0,0,0,0,0,0,0,0,0,0,0,0,0,0.0,35,17,18,1,1,0,2,1,1,0,0,0
169080,182,118,64,0,0,0,10,6,4,3,1,2,3,0,3,0,0,0.0,161,107,54,1,1,0,2,1,1,2,2,0
169099,10,8,2,0,0,0,1,1,0,1,1,0,1,1,0,0,0,0.0,7,5,2,0,0,0,0,0,0,0,0,0
169220,13,7,6,0,0,0,0,0,0,1,1,0,0,0,0,0,0,0.0,12,6,6,0,0,0,0,0,0,0,0,0
169248,660,360,300,2,2,0,80,43,37,18,10,8,19,7,12,0,0,0.0,519,286,233,9,4,5,1,1,0,12,7,5
169275,122,51,71,0,0,0,4,3,1,12,4,8,5,3,2,0,0,0.0,97,40,57,4,1,3,0,0,0,0,0,0
169327,7,3,4,0,0,0,0,0,0,2,0,2,0,0,0,0,0,0.0,5,3,2,0,0,0,0,0,0,0,0,0
169363,65,29,36,0,0,0,2,0,2,2,1,1,2,0,2,1,0,0.0,58,28,30,0,0,0,0,0,0,0,0,0
169424,11,6,5,0,0,0,0,0,0,0,0,0,0,0,0,0,0,0.0,11,6,5,0,0,0,0,0,0,0,0,0
169442,49,35,14,0,0,0,2,2,0,4,3,1,2,1,1,0,0,0.0,38,26,12,0,0,0,0,0,0,3,3,0
169479,112,34,78,0,0,0,4,2,2,5,5,0,3,0,3,0,0,0.0,97,25,72,1,0,1,1,1,0,1,1,0
169521,165,78,87,1,0,1,2,0,2,4,1,3,2,1,1,0,0,0.0,156,76,80,0,0,0,0,0,0,0,0,0
169655,55,49,6,0,0,0,0,0,0,7,7,0,4,4,0,0,0,0.0,44,38,6,0,0,0,0,0,0,0,0,0
169716,326,148,178,1,0,1,18,13,5,28,10,18,13,4,9,0,0,1.3862943611198906,219,97,122,2,1,1,5,2,3,40,21,19
169761,16,4,12,0,0,0,0,0,0,9,1,8,0,0,0,0,0,1.3862943611198906,6,3,3,1,0,1,0,0,0,0,0,0
169798,606,301,305,3,2,1,73,31,42,36,15,21,17,8,9,0,0,0.0,461,237,224,4,1,3,1,0,1,11,7,4
169910,462,251,211,2,1,1,20,14,6,8,6,2,5,2,3,1,1,0.6931471805599453,411,220,191,6,3,3,2,1,1,7,3,4
169974,24,11,13,0,0,0,0,0,0,0,0,0,0,0,0,0,0,0.0,24,11,13,0,0,0,0,0,0,0,0,0
169983,99,74,25,1,1,0,19,13,6,7,6,1,4,2,2,0,0,1.0986122886681098,67,51,16,0,0,0,0,0,0,1,1,0
169992,31,16,15,0,0,0,0,0,0,0,0,0,0,0,0,0,0,0.0,17,6,11,0,0,0,14,10,4,0,0,0
170000,16,10,6,0,0,0,0,0,0,1,0,1,0,0,0,0,0,0.0,15,10,5,0,0,0,0,0,0,0,0,0
170037,59,39,20,0,0,0,4,0,4,4,4,0,3,1,2,0,0,0.0,48,34,14,0,0,0,0,0,0,0,0,0
170055,219,102,117,1,0,1,6,4,2,19,7,12,4,3,1,0,0,0.0,189,88,101,0,0,0,0,0,0,0,0,0
170082,1119,559,560,4,1,3,87,47,40,36,16,20,45,22,23,1,1,1.3862943611198906,884,434,450,4,3,1,32,20,12,26,15,11
170091,8,6,2,0,0,0,0,0,0,0,0,0,0,0,0,0,0,0.0,8,6,2,0,0,0,0,0,0,0,0,0
170240,169,81,88,1,0,1,8,3,5,18,8,10,1,1,0,0,0,0.6931471805599453,137,67,70,1,0,1,0,0,0,3,2,1
170286,157,128,29,0,0,0,0,0,0,0,0,0,0,0,0,0,0,0.0,0,0,0,0,0,0,157,128,29,0,0,0
170301,247,117,130,0,0,0,15,7,8,11,6,5,10,7,3,3,2,1.0986122886681098,200,93,107,6,2,4,0,0,0,2,0,2
170444,64,26,38,0,0,0,0,0,0,3,2,1,1,0,1,0,0,0.0,57,23,34,0,0,0,2,1,1,1,0,1
170532,114,55,59,0,0,0,13,4,9,7,4,3,14,6,8,0,0,0.0,70,36,34,2,1,1,3,1,2,5,3,2
170541,105,57,48,0,0,0,1,1,0,7,3,4,0,0,0,0,0,0.6931471805599453,90,51,39,0,0,0,7,2,5,0,0,0
170550,86,39,47,0,0,0,0,0,0,7,5,2,1,1,0,0,0,0.0,75,31,44,0,0,0,3,2,1,0,0,0
170587,22,11,11,0,0,0,0,0,0,0,0,0,1,1,0,0,0,0.6931471805599453,19,8,11,2,2,0,0,0,0,0,0,0
170620,53,25,28,0,0,0,1,1,0,2,1,1,0,0,0,0,0,0.0,48,21,27,0,0,0,1,1,0,1,1,0
170639,89,57,32,1,0,1,3,1,2,0,0,0,0,0,0,0,0,0.0,69,43,26,0,0,0,2,1,1,14,12,2
170657,185,91,94,3,2,1,11,2,9,13,8,5,6,3,3,0,0,0.0,148,75,73,1,0,1,2,1,1,1,0,1
170675,116,84,32,1,1,0,7,5,2,4,2,2,1,1,0,0,0,0.0,63,45,18,2,1,1,1,0,1,37,29,8
170790,194,93,101,1,0,1,1,1,0,3,0,3,17,6,11,0,0,1.0986122886681098,164,83,81,0,0,0,8,3,5,0,0,0
170806,89,22,67,0,0,0,3,0,3,6,1,5,0,0,0,0,0,0.0,79,21,58,1,0,1,0,0,0,0,0,0
170967,38,18,20,0,0,0,0,0,0,3,2,1,0,0,0,1,0,0.0,34,16,18,0,0,0,0,0,0,0,0,0
170976,6789,3869,2920,15,10,5,1045,606,439,245,116,129,254,129,125,3,0,0.0,4074,2288,1786,105,46,59,101,63,38,947,611,336
171100,2926,1619,1307,14,8,6,438,266,172,143,76,67,144,75,69,7,4,1.0986122886681098,2065,1135,930,14,4,10,0,0,0,101,51,50
171128,393,265,128,0,0,0,74,57,17,3,2,1,14,11,3,0,0,0.0,247,152,95,1,1,0,32,24,8,22,18,4
171137,340,199,141,0,0,0,83,55,28,13,6,7,16,9,7,0,0,0.0,195,107,88,4,0,4,4,4,0,25,18,7
171146,260,120,140,4,0,4,23,12,11,14,8,6,5,2,3,0,0,0.6931471805599453,199,89,110,1,0,1,6,4,2,8,5,3
171155,53,23,30,0,0,0,0,0,0,0,0,0,1,0,1,0,0,0.0,52,23,29,0,0,0,0,0,0,0,0,0
171225,48,25,23,0,0,0,3,3,0,1,0,1,2,0,2,0,0,0.6931471805599453,39,21,18,0,0,0,3,1,2,0,0,0
171234,31,10,21,1,1,0,0,0,0,1,0,1,1,1,0,0,0,0.0,26,8,18,0,0,0,2,0,2,0,0,0
171304,76,43,33,1,1,0,2,2,0,2,1,1,3,3,0,0,0,0.0,68,36,32,0,0,0,0,0,0,0,0,0
171395,33,18,15,0,0,0,0,0,0,0,0,0,1,0,1,0,0,0.0,32,18,14,0,0,0,0,0,0,0,0,0
171456,300,166,134,2,1,1,11,8,3,4,3,1,3,1,2,0,0,0.0,256,140,116,4,1,3,2,1,1,18,11,7
171483,79,42,37,0,0,0,2,1,1,0,0,0,0,0,0,0,0,0.0,74,38,36,0,0,0,3,3,0,0,0,0
171492,47,28,19,0,0,0,0,0,0,5,3,2,0,0,0,0,0,0.0,41,25,16,0,0,0,0,0,0,1,0,1
171535,204,91,113,1,1,0,3,1,2,19,10,9,4,3,1,0,0,0.0,175,75,100,1,0,1,1,1,0,0,0,0
171571,633,328,305,7,5,2,105,63,42,30,16,14,18,9,9,0,0,0.0,424,204,220,2,1,1,7,4,3,40,26,14
171599,48,24,24,0,0,0,0,0,0,4,1,3,0,0,0,0,0,0.0,44,23,21,0,0,0,0,0,0,0,0,0
171881,8,4,4,0,0,0,0,0,0,1,0,1,0,0,0,0,0,0.0,7,4,3,0,0,0,0,0,0,0,0,0
172033,19,15,4,0,0,0,0,0,0,0,0,0,2,2,0,0,0,0.0,17,13,4,0,0,0,0,0,0,0,0,0
172051,265,140,125,0,0,0,28,18,10,10,5,5,5,2,3,0,0,0.0,208,104,104,4,3,1,8,6,2,2,2,0
172200,89,40,49,0,0,0,1,0,1,5,1,4,0,0,0,0,0,0.0,81,38,43,0,0,0,2,1,1,0,0,0
172264,78,39,39,0,0,0,2,2,0,2,1,1,1,0,1,0,0,0.0,72,36,36,1,0,1,0,0,0,0,0,0
172291,67,30,37,0,0,0,0,0,0,1,0,1,2,1,1,0,0,0.0,64,29,35,0,0,0,0,0,0,0,0,0
172307,44,22,22,0,0,0,0,0,0,1,1,0,0,0,0,0,0,0.0,41,20,21,0,0,0,2,1,1,0,0,0
172334,76,41,35,0,0,0,5,4,1,10,5,5,0,0,0,0,0,0.0,61,32,29,0,0,0,0,0,0,0,0,0
172440,22,13,9,0,0,0,1,1,0,0,0,0,1,1,0,0,0,0.0,16,9,7,0,0,0,4,2,2,0,0,0
172477,33,16,17,0,0,0,1,1,0,7,1,6,0,0,0,0,0,0.0,25,14,11,0,0,0,0,0,0,0,0,0
172608,15,9,6,0,0,0,0,0,0,0,0,0,0,0,0,0,0,0.0,15,9,6,0,0,0,0,0,0,0,0,0
172617,151,74,77,2,2,0,8,3,5,16,7,9,1,0,1,0,0,0.0,100,44,56,5,4,1,19,14,5,0,0,0
172635,68,32,36,0,0,0,0,0,0,45,21,24,0,0,0,0,0,0.0,21,9,12,0,0,0,2,2,0,0,0,0
172644,1448,806,642,2,2,0,297,201,96,121,53,68,40,21,19,1,1,0.0,920,494,426,8,2,6,2,2,0,57,30,27
172671,24,16,8,0,0,0,0,0,0,0,0,0,0,0,0,0,0,0.0,21,13,8,0,0,0,3,3,0,0,0,0
172699,737,388,349,0,0,0,97,61,36,33,12,21,34,19,15,0,0,0.0,508,253,255,11,4,7,48,36,12,6,3,3
172705,20,14,6,0,0,0,0,0,0,0,0,0,4,3,1,0,0,0.0,16,11,5,0,0,0,0,0,0,0,0,0
172918,65,33,32,0,0,0,0,0,0,0,0,0,1,1,0,0,0,0.0,64,32,32,0,0,0,0,0,0,0,0,0
172954,52,24,28,0,0,0,0,0,0,3,0,3,0,0,0,0,0,0.0,47,23,24,0,0,0,2,1,1,0,0,0
172963,126,47,79,1,1,0,2,0,2,3,2,1,3,1,2,0,0,0.0,114,42,72,2,0,2,1,1,0,0,0,0
173045,159,65,94,2,1,1,17,5,12,6,5,1,8,5,3,0,0,0.0,121,46,75,5,3,2,0,0,0,0,0,0
173063,59,31,28,0,0,0,1,0,1,1,1,0,0,0,0,0,0,0.0,56,30,26,1,0,1,0,0,0,0,0,0
173115,22,9,13,1,1,0,0,0,0,0,0,0,0,0,0,0,0,0.0,21,8,13,0,0,0,0,0,0,0,0,0
173124,165,92,73,8,6,2,9,5,4,0,0,0,5,2,3,0,0,0.0,131,72,59,3,1,2,7,6,1,2,0,2
173142,44,29,15,0,0,0,2,1,1,0,0,0,0,0,0,0,0,0.0,39,25,14,2,2,0,1,1,0,0,0,0
173160,169,74,95,2,2,0,5,3,2,9,5,4,4,2,2,0,0,0.0,143,58,85,1,1,0,3,1,2,2,2,0
173203,78,45,33,0,0,0,1,0,1,1,1,0,1,0,1,0,0,0.0,73,42,31,1,1,0,1,1,0,0,0,0
173258,239,113,126,0,0,0,31,11,20,11,8,3,25,14,11,0,0,0.0,163,79,84,8,1,7,0,0,0,1,0,1
173300,125,64,61,0,0,0,4,2,2,1,1,0,8,3,5,0,0,0.0,110,58,52,2,0,2,0,0,0,0,0,0
173328,95,38,57,0,0,0,0,0,0,3,2,1,1,1,0,0,0,0.0,86,32,54,1,1,0,1,0,1,3,2,1
173416,57,35,22,1,1,0,1,0,1,1,0,1,2,2,0,0,0,0.0,51,31,20,0,0,0,1,1,0,0,0,0
173452,84,59,25,0,0,0,1,0,1,1,1,0,1,1,0,0,0,0.0,80,57,23,1,0,1,0,0,0,0,0,0
173461,73,38,35,0,0,0,1,0,1,1,1,0,0,0,0,0,0,0.0,67,35,32,0,0,0,3,1,2,1,1,0
173559,111,52,59,0,0,0,1,0,1,0,0,0,2,0,2,0,0,0.0,108,52,56,0,0,0,0,0,0,0,0,0
173638,74,43,31,0,0,0,1,1,0,1,1,0,1,1,0,0,0,0.0,71,40,31,0,0,0,0,0,0,0,0,0
173647,183,78,105,0,0,0,17,8,9,6,4,2,7,4,3,0,0,0.0,151,60,91,0,0,0,2,2,0,0,0,0
173665,116,50,66,2,0,2,8,3,5,4,3,1,3,0,3,0,0,0.0,92,39,53,3,2,1,4,3,1,0,0,0
173708,98,63,35,0,0,0,3,3,0,3,2,1,4,3,1,0,0,0.0,87,55,32,0,0,0,1,0,1,0,0,0
173735,107,56,51,1,0,1,1,1,0,0,0,0,0,0,0,0,0,0.0,104,55,49,0,0,0,1,0,1,0,0,0
173799,70,33,37,0,0,0,2,0,2,1,0,1,2,2,0,0,0,0.0,64,31,33,1,0,1,0,0,0,0,0,0
173896,24,12,12,0,0,0,1,1,0,3,0,3,1,1,0,0,0,0.0,19,10,9,0,0,0,0,0,0,0,0,0
173902,195,82,113,2,1,1,27,9,18,9,5,4,20,7,13,0,0,0.0,126,55,71,6,3,3,0,0,0,5,2,3
173911,76,41,35,1,0,1,2,0,2,1,1,0,1,1,0,0,0,0.0,71,39,32,0,0,0,0,0,0,0,0,0
173920,480,251,229,1,0,1,70,46,24,16,8,8,19,10,9,0,0,0.0,347,174,173,2,1,1,15,7,8,10,5,5
174020,149,61,88,2,1,1,24,13,11,14,8,6,10,1,9,0,0,0.0,89,32,57,1,0,1,7,5,2,2,1,1
174066,3691,2041,1650,23,8,15,521,314,207,119,55,64,126,62,64,7,5,1.0986122886681098,2544,1393,1151,59,32,27,122,73,49,170,99,71
174075,60,31,29,0,0,0,3,1,2,1,1,0,3,2,1,0,0,1.0986122886681098,50,24,26,1,1,0,0,0,0,2,2,0
174127,37,17,20,0,0,0,1,0,1,1,0,1,0,0,0,0,0,0.0,30,17,13,1,0,1,4,0,4,0,0,0
174136,104,43,61,0,0,0,9,1,8,10,5,5,9,5,4,0,0,0.6931471805599453,73,31,42,3,1,2,0,0,0,0,0,0
174154,24,0,24,0,0,0,1,0,1,0,0,0,1,0,1,0,0,0.6931471805599453,20,0,20,1,0,1,1,0,1,0,0,0
174233,461,249,212,3,1,2,64,40,24,14,9,5,10,5,5,0,0,0.0,347,180,167,5,3,2,2,1,1,16,10,6
174251,100,54,46,3,1,2,6,5,1,1,1,0,4,2,2,0,0,0.0,82,44,38,1,0,1,1,0,1,2,1,1
174358,171,84,87,1,0,1,11,7,4,3,1,2,4,2,2,0,0,0.0,140,65,75,1,0,1,2,2,0,9,7,2
174376,85,34,51,0,0,0,4,3,1,4,3,1,3,2,1,0,0,0.0,68,23,45,2,1,1,4,2,2,0,0,0
174428,143,64,79,0,0,0,9,6,3,4,3,1,6,3,3,0,0,0.0,119,49,70,1,0,1,2,1,1,2,2,0
174437,41,26,15,0,0,0,0,0,0,4,3,1,0,0,0,0,0,0.6931471805599453,37,23,14,0,0,0,0,0,0,0,0,0
174473,75,43,32,1,1,0,1,0,1,0,0,0,0,0,0,0,0,0.0,71,42,29,1,0,1,1,0,1,0,0,0
174491,68,35,33,0,0,0,2,1,1,1,1,0,1,1,0,0,0,0.0,61,29,32,3,3,0,0,0,0,0,0,0
174507,62,29,33,0,0,0,6,2,4,4,1,3,1,0,1,0,0,0.6931471805599453,51,26,25,0,0,0,0,0,0,0,0,0
174525,8,6,2,1,1,0,0,0,0,0,0,0,0,0,0,0,0,0.6931471805599453,7,5,2,0,0,0,0,0,0,0,0,0
174570,21,9,12,0,0,0,1,1,0,0,0,0,0,0,0,0,0,0.0,20,8,12,0,0,0,0,0,0,0,0,0
174738,96,48,48,0,0,0,2,1,1,0,0,0,1,1,0,0,0,0.6931471805599453,92,45,47,1,1,0,0,0,0,0,0,0
174747,117,43,74,1,0,1,6,3,3,2,0,2,5,1,4,0,0,0.0,102,38,64,0,0,0,1,1,0,0,0,0
174756,83,48,35,0,0,0,5,4,1,1,0,1,3,2,1,0,0,0.0,73,42,31,1,0,1,0,0,0,0,0,0
174783,346,185,161,3,1,2,61,36,25,21,13,8,9,3,6,1,0,0.0,227,123,104,1,0,1,18,6,12,5,3,2
174792,121,71,50,0,0,0,8,6,2,1,0,1,5,0,5,1,1,0.6931471805599453,105,63,42,1,1,0,0,0,0,0,0,0
174817,82,39,43,0,0,0,4,2,2,1,1,0,1,0,1,0,0,0.0,67,31,36,1,0,1,8,5,3,0,0,0
174844,222,114,108,0,0,0,16,6,10,7,5,2,12,8,4,0,0,0.6931471805599453,176,90,86,5,1,4,0,0,0,6,4,2
174862,25,15,10,0,0,0,0,0,0,1,0,1,0,0,0,1,1,0.0,22,14,8,1,0,1,0,0,0,0,0,0
174899,164,55,109,2,1,1,3,2,1,2,1,1,3,2,1,0,0,0.0,148,48,100,5,1,4,1,0,1,0,0,0
174914,400,231,169,0,0,0,35,20,15,15,7,8,23,9,14,0,0,0.0,305,181,124,9,6,3,5,3,2,8,5,3
175005,227,40,187,1,0,1,18,3,15,12,1,11,8,2,6,0,0,0.0,186,34,152,2,0,2,0,0,0,0,0,0
175014,73,10,63,1,1,0,1,0,1,6,1,5,2,1,1,0,0,0.0,58,6,52,4,1,3,1,0,1,0,0,0
175041,113,46,67,0,0,0,9,3,6,7,4,3,3,2,1,0,0,0.0,92,37,55,0,0,0,2,0,2,0,0,0
175078,102,49,53,1,1,0,4,2,2,3,3,0,1,0,1,0,0,0.6931471805599453,87,39,48,2,1,1,2,2,0,2,1,1
175139,7,5,2,0,0,0,1,1,0,2,1,1,0,0,0,0,0,0.0,4,3,1,0,0,0,0,0,0,0,0,0
175227,84,63,21,0,0,0,7,3,4,2,1,1,1,1,0,0,0,0.6931471805599453,73,57,16,1,1,0,0,0,0,0,0,0
175236,89,46,43,0,0,0,0,0,0,1,1,0,0,0,0,0,0,0.0,87,44,43,1,1,0,0,0,0,0,0,0
175263,43,22,21,0,0,0,0,0,0,0,0,0,0,0,0,0,0,0.0,43,22,21,0,0,0,0,0,0,0,0,0
175272,281,129,152,0,0,0,21,12,9,8,5,3,12,10,2,0,0,0.0,216,90,126,2,1,1,20,9,11,2,2,0
175281,49,22,27,1,0,1,2,0,2,8,4,4,1,0,1,1,1,0.0,33,15,18,0,0,0,3,2,1,0,0,0
175315,137,63,74,0,0,0,7,6,1,9,7,2,1,1,0,0,0,0.0,115,48,67,3,0,3,1,1,0,1,0,1
175342,122,66,56,0,0,0,12,10,2,75,39,36,2,0,2,1,0,0.0,20,8,12,0,0,0,0,0,0,12,9,3
175421,79,34,45,0,0,0,5,3,2,9,2,7,0,0,0,0,0,0.0,65,29,36,0,0,0,0,0,0,0,0,0
175430,43,17,26,0,0,0,0,0,0,0,0,0,1,0,1,0,0,0.0,42,17,25,0,0,0,0,0,0,0,0,0
175519,69,34,35,0,0,0,0,0,0,54,25,29,0,0,0,1,1,0.0,13,7,6,0,0,0,0,0,0,1,1,0
175573,96,34,62,0,0,0,0,0,0,13,3,10,1,0,1,0,0,0.0,81,31,50,1,0,1,0,0,0,0,0,0
175616,127,54,73,0,0,0,4,2,2,18,4,14,5,2,3,0,0,0.0,95,42,53,1,1,0,0,0,0,4,3,1
175643,82,31,51,0,0,0,0,0,0,10,0,10,0,0,0,0,0,0.0,72,31,41,0,0,0,0,0,0,0,0,0
175652,114,53,61,1,0,1,0,0,0,23,9,14,2,1,1,0,0,0.0,87,42,45,0,0,0,0,0,0,1,1,0
175786,379,134,245,1,0,1,6,3,3,135,36,99,2,0,2,0,0,0.0,219,92,127,6,0,6,10,3,7,0,0,0
175810,138,47,91,0,0,0,2,2,0,22,4,18,1,0,1,0,0,0.0,113,41,72,0,0,0,0,0,0,0,0,0
175829,131,44,87,0,0,0,0,0,0,4,0,4,1,0,1,0,0,0.0,126,44,82,0,0,0,0,0,0,0,0,0
175856,312,151,161,1,1,0,37,29,8,190,69,121,4,2,2,0,0,0.0,50,29,21,1,1,0,0,0,0,29,20,9
175883,122,53,69,0,0,0,2,2,0,8,1,7,0,0,0,0,0,0.0,112,50,62,0,0,0,0,0,0,0,0,0
175935,118,35,83,0,0,0,0,0,0,18,4,14,0,0,0,0,0,0.0,98,30,68,1,1,0,1,0,1,0,0,0
175980,66,36,30,0,0,0,2,2,0,2,0,2,1,0,1,0,0,0.0,57,32,25,2,2,0,0,0,0,2,0,2
176008,91,31,60,0,0,0,2,1,1,14,4,10,0,0,0,0,0,0.0,75,26,49,0,0,0,0,0,0,0,0,0
176017,1832,953,879,2,2,0,166,96,70,143,57,86,48,20,28,1,0,0.0,1282,670,612,35,23,12,20,13,7,135,72,63
176035,138,44,94,0,0,0,5,3,2,14,4,10,2,0,2,0,0,0.0,115,35,80,0,0,0,0,0,0,2,2,0
176044,94,45,49,0,0,0,11,7,4,67,30,37,0,0,0,0,0,0.0,16,8,8,0,0,0,0,0,0,0,0,0
176053,192,94,98,0,0,0,3,2,1,13,2,11,2,2,0,0,0,0.0,151,80,71,0,0,0,21,6,15,2,2,0
176071,299,119,180,0,0,0,2,2,0,31,9,22,3,2,1,0,0,0.0,242,96,146,1,1,0,20,9,11,0,0,0
176080,1034,593,441,3,2,1,124,90,34,55,17,38,24,10,14,0,0,0.0,751,429,322,10,5,5,0,0,0,67,40,27
176169,116,37,79,0,0,0,0,0,0,4,1,3,1,1,0,0,0,0.0,111,35,76,0,0,0,0,0,0,0,0,0
176178,200,75,125,0,0,0,1,1,0,19,3,16,1,0,1,0,0,0.0,179,71,108,0,0,0,0,0,0,0,0,0
176239,169,58,111,0,0,0,0,0,0,11,4,7,1,1,0,0,0,0.0,155,51,104,2,2,0,0,0,0,0,0,0
176318,35,14,21,0,0,0,4,2,2,26,11,15,1,0,1,0,0,0.0,3,1,2,0,0,0,0,0,0,1,0,1
176354,67,21,46,0,0,0,0,0,0,5,1,4,0,0,0,0,0,0.0,62,20,42,0,0,0,0,0,0,0,0,0
176372,672,342,330,3,0,3,71,45,26,39,14,25,14,9,5,1,1,0.0,535,269,266,4,1,3,0,0,0,5,3,2
176406,44,17,27,0,0,0,11,5,6,28,9,19,1,1,0,1,0,0.0,2,2,0,1,0,1,0,0,0,0,0,0
176451,5,5,0,0,0,0,0,0,0,0,0,0,0,0,0,0,0,0.0,5,5,0,0,0,0,0,0,0,0,0,0
176479,191,90,101,0,0,0,0,0,0,18,3,15,4,1,3,0,0,0.0,158,80,78,2,1,1,9,5,4,0,0,0
176600,9,6,3,0,0,0,1,0,1,0,0,0,1,1,0,0,0,0.0,7,5,2,0,0,0,0,0,0,0,0,0
176628,62,22,40,0,0,0,1,1,0,4,2,2,1,0,1,0,0,0.0,55,18,37,0,0,0,1,1,0,0,0,0
176664,16,10,6,0,0,0,0,0,0,0,0,0,0,0,0,0,0,0.0,16,10,6,0,0,0,0,0,0,0,0,0
176770,60,6,54,0,0,0,0,0,0,0,0,0,1,0,1,0,0,0.0,59,6,53,0,0,0,0,0,0,0,0,0
176789,19,12,7,0,0,0,1,0,1,2,1,1,0,0,0,0,0,0.0,13,9,4,0,0,0,3,2,1,0,0,0
176910,10,9,1,0,0,0,0,0,0,1,1,0,0,0,0,0,0,0.0,9,8,1,0,0,0,0,0,0,0,0,0
176947,72,34,38,0,0,0,2,1,1,0,0,0,0,0,0,0,0,0.0,70,33,37,0,0,0,0,0,0,0,0,0
176965,393,201,192,1,1,0,9,5,4,12,5,7,4,1,3,1,0,0.0,305,147,158,5,0,5,1,1,0,55,41,14
177038,37,21,16,0,0,0,3,1,2,1,1,0,0,0,0,0,0,0.0,32,19,13,1,0,1,0,0,0,0,0,0
177065,65,35,30,1,1,0,3,2,1,1,1,0,0,0,0,1,0,0.0,56,29,27,1,0,1,2,2,0,0,0,0
177092,33,33,0,0,0,0,2,2,0,0,0,0,2,2,0,0,0,0.0,29,29,0,0,0,0,0,0,0,0,0,0
177117,39,9,30,0,0,0,5,2,3,1,0,1,2,1,1,0,0,0.0,22,5,17,6,0,6,0,0,0,3,1,2
177126,17,15,2,0,0,0,1,1,0,1,0,1,0,0,0,0,0,0.0,15,14,1,0,0,0,0,0,0,0,0,0
177135,165,61,104,1,0,1,1,0,1,4,2,2,4,1,3,1,0,0.0,142,56,86,3,0,3,9,2,7,0,0,0
177144,44,23,21,0,0,0,1,0,1,0,0,0,0,0,0,0,0,0.0,42,22,20,0,0,0,1,1,0,0,0,0
177214,108,61,47,0,0,0,1,0,1,2,2,0,1,1,0,0,0,0.0,87,49,38,1,0,1,16,9,7,0,0,0
177250,70,31,39,0,0,0,2,1,1,1,0,1,0,0,0,0,0,0.0,65,30,35,2,0,2,0,0,0,0,0,0
177278,8,2,6,0,0,0,1,0,1,2,0,2,0,0,0,0,0,0.0,5,2,3,0,0,0,0,0,0,0,0,0
177302,10,7,3,0,0,0,1,1,0,1,1,0,0,0,0,0,0,0.0,6,4,2,2,1,1,0,0,0,0,0,0
177339,87,48,39,0,0,0,2,1,1,1,0,1,2,2,0,0,0,0.0,80,45,35,1,0,1,1,0,1,0,0,0
177418,60,17,43,1,0,1,4,3,1,5,0,5,2,1,1,0,0,0.0,45,12,33,0,0,0,3,1,2,0,0,0
177472,221,90,131,2,1,1,2,2,0,2,1,1,1,0,1,0,0,0.0,211,84,127,3,2,1,0,0,0,0,0,0
177542,46,21,25,0,0,0,0,0,0,1,1,0,0,0,0,0,0,0.0,45,20,25,0,0,0,0,0,0,0,0,0
177551,36,22,14,3,2,1,0,0,0,15,10,5,0,0,0,0,0,0.0,18,10,8,0,0,0,0,0,0,0,0,0
177676,89,37,52,0,0,0,2,0,2,0,0,0,0,0,0,0,0,0.0,85,35,50,2,2,0,0,0,0,0,0,0
177719,49,5,44,0,0,0,0,0,0,5,0,5,0,0,0,0,0,0.0,44,5,39,0,0,0,0,0,0,0,0,0
177746,59,32,27,0,0,0,6,1,5,2,2,0,5,4,1,0,0,0.0,36,17,19,1,0,1,9,8,1,0,0,0
177816,13,12,1,0,0,0,0,0,0,0,0,0,1,0,1,0,0,0.0,12,12,0,0,0,0,0,0,0,0,0,0
177834,249,121,128,1,0,1,29,18,11,5,0,5,16,6,10,0,0,0.0,193,96,97,3,0,3,2,1,1,0,0,0
177940,90,44,46,1,0,1,5,3,2,17,7,10,5,1,4,1,1,0.0,57,31,26,1,0,1,3,1,2,0,0,0
177968,184,79,105,1,0,1,6,3,3,5,2,3,6,1,5,0,0,0.0,160,68,92,4,3,1,0,0,0,2,2,0
177977,109,79,30,1,1,0,0,0,0,0,0,0,1,1,0,0,0,0.0,105,75,30,2,2,0,0,0,0,0,0,0
177986,56,24,32,0,0,0,5,2,3,1,0,1,3,2,1,0,0,0.0,46,20,26,1,0,1,0,0,0,0,0,0
177995,214,83,131,1,1,0,10,2,8,17,7,10,2,0,2,0,0,0.0,173,66,107,5,3,2,6,4,2,0,0,0
178059,159,56,103,0,0,0,14,8,6,13,5,8,1,0,1,0,0,0.0,131,43,88,0,0,0,0,0,0,0,0,0
178183,7,2,5,0,0,0,0,0,0,1,1,0,0,0,0,0,0,0.0,6,1,5,0,0,0,0,0,0,0,0,0
178208,43,42,1,0,0,0,8,8,0,1,0,1,6,6,0,0,0,0.0,28,28,0,0,0,0,0,0,0,0,0,0
178217,43,16,27,0,0,0,0,0,0,0,0,0,1,0,1,1,0,0.0,35,14,21,0,0,0,6,2,4,0,0,0
178244,74,30,44,0,0,0,4,1,3,8,1,7,0,0,0,0,0,0.0,62,28,34,0,0,0,0,0,0,0,0,0
178341,134,57,77,2,0,2,2,2,0,1,1,0,2,1,1,0,0,0.0,115,47,68,2,0,2,5,2,3,5,4,1
178369,78,37,41,0,0,0,3,2,1,2,1,1,0,0,0,0,0,0.0,72,33,39,0,0,0,0,0,0,1,1,0
178387,143,74,69,2,1,1,14,10,4,7,4,3,3,2,1,0,0,0.0,107,53,54,2,1,1,1,0,1,7,3,4
178396,1982,1103,879,7,4,3,266,183,83,78,40,38,82,43,39,2,0,0.0,1346,718,628,21,8,13,81,45,36,99,62,37
178402,583,308,275,1,1,0,64,45,19,38,18,20,27,9,18,1,1,0.0,402,204,198,7,5,2,17,9,8,26,16,10
178411,314,227,87,1,0,1,77,61,16,9,6,3,9,9,0,0,0,0.0,187,128,59,2,2,0,8,5,3,21,16,5
178420,360,158,202,1,0,1,45,27,18,29,8,21,8,2,6,1,1,0.0,249,110,139,5,2,3,10,5,5,12,3,9
178448,79,30,49,0,0,0,0,0,0,2,1,1,3,1,2,0,0,0.0,73,27,46,0,0,0,1,1,0,0,0,0
178518,11,8,3,0,0,0,1,0,1,0,0,0,0,0,0,0,0,0.0,10,8,2,0,0,0,0,0,0,0,0,0
178615,249,139,110,0,0,0,21,11,10,2,2,0,7,6,1,0,0,0.0,207,111,96,0,0,0,1,1,0,11,8,3
178624,223,116,107,2,1,1,12,8,4,8,5,3,5,3,2,0,0,0.0,179,89,90,1,0,1,0,0,0,16,10,6
178679,23,20,3,0,0,0,0,0,0,0,0,0,0,0,0,0,0,0.0,21,18,3,2,2,0,0,0,0,0,0,0
178697,97,57,40,0,0,0,0,0,0,0,0,0,1,1,0,0,0,0.0,90,51,39,2,1,1,4,4,0,0,0,0
178721,108,49,59,1,0,1,7,4,3,4,2,2,3,0,3,0,0,0.0,90,42,48,3,1,2,0,0,0,0,0,0
178891,106,100,6,0,0,0,0,0,0,7,4,3,0,0,0,0,0,0.0,99,96,3,0,0,0,0,0,0,0,0,0
178989,37,2,35,1,0,1,1,0,1,1,0,1,2,0,2,0,0,0.0,32,2,30,0,0,0,0,0,0,0,0,0
179043,155,53,102,0,0,0,7,4,3,4,0,4,3,1,2,0,0,0.0,136,47,89,2,0,2,1,0,1,2,1,1
179159,768,383,385,0,0,0,67,40,27,46,15,31,28,11,17,0,0,0.0,561,277,284,16,10,6,3,1,2,47,29,18
179265,58,27,31,0,0,0,4,3,1,3,3,0,3,1,2,0,0,0.0,46,18,28,0,0,0,0,0,0,2,2,0
179308,321,128,193,2,2,0,9,4,5,38,12,26,7,4,3,0,0,0.0,236,101,135,1,0,1,11,0,11,17,5,12
179317,8,2,6,0,0,0,0,0,0,2,2,0,0,0,0,0,0,0.0,6,0,6,0,0,0,0,0,0,0,0,0
179326,115,57,58,0,0,0,5,4,1,2,2,0,1,0,1,0,0,0.0,106,50,56,0,0,0,1,1,0,0,0,0
179344,37,17,20,0,0,0,1,1,0,1,1,0,2,1,1,0,0,0.0,32,13,19,0,0,0,0,0,0,1,1,0
179539,81,27,54,1,1,0,1,1,0,0,0,0,0,0,0,0,0,0.0,78,25,53,1,0,1,0,0,0,0,0,0
179548,41,13,28,0,0,0,0,0,0,3,1,2,0,0,0,0,0,0.0,38,12,26,0,0,0,0,0,0,0,0,0
179557,335,164,171,0,0,0,36,22,14,19,8,11,0,0,0,0,0,0.0,256,119,137,3,2,1,21,13,8,0,0,0
179566,717,337,380,4,1,3,63,34,29,28,16,12,23,9,14,0,0,0.0,551,256,295,18,7,11,8,6,2,22,8,14
179645,55,28,27,0,0,0,0,0,0,1,0,1,0,0,0,1,0,0.0,51,26,25,0,0,0,2,2,0,0,0,0
179715,40,10,30,0,0,0,0,0,0,0,0,0,0,0,0,0,0,0.0,40,10,30,0,0,0,0,0,0,0,0,0
179812,76,40,36,0,0,0,6,1,5,5,4,1,4,0,4,1,1,0.0,58,33,25,2,1,1,0,0,0,0,0,0
179867,1805,1120,685,3,2,1,316,202,114,82,32,50,68,42,26,0,0,0.0,1289,817,472,29,15,14,11,6,5,7,4,3
179894,178,92,86,0,0,0,24,8,16,12,3,9,3,2,1,1,1,0.0,126,73,53,3,1,2,5,3,2,4,1,3
179946,47,25,22,0,0,0,5,5,0,1,1,0,1,1,0,1,0,0.0,33,17,16,1,0,1,5,1,4,0,0,0
179955,69,38,31,0,0,0,3,3,0,2,1,1,0,0,0,0,0,0.0,64,34,30,0,0,0,0,0,0,0,0,0
179964,62,31,31,0,0,0,1,0,1,5,3,2,0,0,0,0,0,0.0,56,28,28,0,0,0,0,0,0,0,0,0
180054,40,16,24,30,12,18,0,0,0,0,0,0,0,0,0,0,0,0.0,10,4,6,0,0,0,0,0,0,0,0,0
180106,81,37,44,0,0,0,1,0,1,2,0,2,2,0,2,0,0,0.0,63,30,33,0,0,0,13,7,6,0,0,0
180151,13,6,7,0,0,0,1,0,1,0,0,0,0,0,0,0,0,0.0,12,6,6,0,0,0,0,0,0,0,0,0
180160,13,10,3,2,2,0,0,0,0,0,0,0,0,0,0,0,0,0.0,11,8,3,0,0,0,0,0,0,0,0,0
180179,136,66,70,3,2,1,8,3,5,0,0,0,3,0,3,1,1,0.0,118,59,59,0,0,0,3,1,2,0,0,0
180197,64,31,33,0,0,0,2,1,1,1,0,1,1,0,1,0,0,0.0,59,29,30,1,1,0,0,0,0,0,0,0
180203,14,7,7,8,4,4,0,0,0,0,0,0,0,0,0,0,0,0.0,6,3,3,0,0,0,0,0,0,0,0,0
180212,19,10,9,10,6,4,2,2,0,0,0,0,0,0,0,0,0,0.0,7,2,5,0,0,0,0,0,0,0,0,0
180249,37,14,23,1,1,0,1,0,1,0,0,0,0,0,0,0,0,0.0,35,13,22,0,0,0,0,0,0,0,0,0
180258,44,18,26,1,0,1,1,1,0,0,0,0,1,0,1,0,0,0.0,36,16,20,2,0,2,2,0,2,1,1,0
180276,29,19,10,0,0,0,1,0,1,0,0,0,2,1,1,0,0,0.0,23,17,6,2,0,2,1,1,0,0,0,0
180328,12,4,8,9,2,7,0,0,0,0,0,0,0,0,0,0,0,0.0,3,2,1,0,0,0,0,0,0,0,0,0
180373,22,12,10,0,0,0,0,0,0,0,0,0,1,1,0,0,0,0.0,13,6,7,0,0,0,8,5,3,0,0,0
180416,122,80,42,0,0,0,11,7,4,1,0,1,1,1,0,0,0,0.0,100,66,34,1,1,0,4,2,2,4,3,1
180461,608,313,295,4,2,2,25,12,13,1,1,0,9,5,4,0,0,0.0,531,274,257,6,3,3,13,6,7,19,10,9
180489,409,228,181,8,4,4,13,5,8,2,1,1,11,7,4,0,0,0.0,356,197,159,8,6,2,9,6,3,2,2,0
180522,50,35,15,0,0,0,0,0,0,1,0,1,0,0,0,0,0,0.0,44,33,11,0,0,0,3,2,1,2,0,2
180595,62,28,34,0,0,0,0,0,0,0,0,0,0,0,0,0,0,0.0,56,26,30,0,0,0,6,2,4,0,0,0
180647,77,30,47,35,13,22,0,0,0,0,0,0,1,0,1,0,0,0.0,40,16,24,0,0,0,1,1,0,0,0,0
180692,68,34,34,0,0,0,0,0,0,0,0,0,0,0,0,0,0,0.0,67,33,34,0,0,0,0,0,0,1,1,0
180814,105,57,48,0,0,0,3,1,2,3,2,1,0,0,0,0,0,0.0,91,49,42,1,1,0,7,4,3,0,0,0
180832,58,5,53,0,0,0,0,0,0,2,0,2,0,0,0,0,0,0.0,54,5,49,2,0,2,0,0,0,0,0,0
180878,45,8,37,0,0,0,1,0,1,0,0,0,0,0,0,0,0,0.0,43,8,35,0,0,0,1,0,1,0,0,0
180902,157,79,78,0,0,0,3,2,1,1,1,0,2,1,1,1,1,0.0,149,73,76,0,0,0,0,0,0,1,1,0
180948,91,47,44,1,1,0,6,4,2,4,1,3,2,0,2,1,1,0.0,77,40,37,0,0,0,0,0,0,0,0,0
180984,63,39,24,0,0,0,0,0,0,1,1,0,0,0,0,2,1,0.0,60,37,23,0,0,0,0,0,0,0,0,0
181002,668,331,337,3,2,1,53,28,25,16,6,10,14,10,4,0,0,0.0,561,275,286,10,4,6,0,0,0,11,6,5
181020,95,46,49,0,0,0,3,3,0,3,0,3,1,1,0,1,0,0.0,80,39,41,0,0,0,7,3,4,0,0,0
181127,66,35,31,0,0,0,1,1,0,1,1,0,2,1,1,1,1,0.0,58,29,29,1,1,0,0,0,0,2,1,1
181215,315,162,153,1,1,0,23,17,6,6,4,2,11,5,6,0,0,0.0,260,125,135,3,2,1,0,0,0,11,8,3
181297,71,3,68,0,0,0,2,0,2,2,0,2,1,0,1,0,0,0.0,64,3,61,1,0,1,1,0,1,0,0,0
181303,241,118,123,2,0,2,13,5,8,12,6,6,5,4,1,0,0,0.0,208,102,106,1,1,0,0,0,0,0,0,0
181312,67,31,36,0,0,0,0,0,0,1,1,0,1,0,1,0,0,0.0,65,30,35,0,0,0,0,0,0,0,0,0
181330,39,14,25,0,0,0,2,2,0,1,0,1,0,0,0,0,0,0.0,36,12,24,0,0,0,0,0,0,0,0,0
181394,622,318,304,5,2,3,58,35,23,28,14,14,33,18,15,1,0,0.0,441,217,224,9,5,4,7,4,3,40,23,17
181419,22,8,14,11,3,8,2,0,2,0,0,0,1,1,0,0,0,0.0,8,4,4,0,0,0,0,0,0,0,0,0
181428,649,265,384,2,0,2,75,38,37,13,6,7,19,10,9,1,0,0.0,494,180,314,3,1,2,6,2,4,36,28,8
181446,107,46,61,0,0,0,1,0,1,2,1,1,4,2,2,0,0,0.0,98,41,57,1,1,0,0,0,0,1,1,0
181464,1295,781,514,2,1,1,193,133,60,28,15,13,69,40,29,0,0,0.0,940,555,385,8,5,3,4,2,2,51,30,21
181491,128,76,52,0,0,0,0,0,0,0,0,0,1,0,1,0,0,0.0,127,76,51,0,0,0,0,0,0,0,0,0
181534,48,24,24,0,0,0,2,2,0,1,1,0,0,0,0,0,0,0.0,45,21,24,0,0,0,0,0,0,0,0,0
181604,82,15,67,0,0,0,4,2,2,5,2,3,5,2,3,0,0,0.0,65,9,56,3,0,3,0,0,0,0,0,0
181640,360,183,177,2,0,2,4,2,2,5,4,1,7,6,1,0,0,0.0,340,171,169,0,0,0,2,0,2,0,0,0
181738,59,23,36,0,0,0,1,1,0,5,3,2,4,2,2,0,0,0.0,49,17,32,0,0,0,0,0,0,0,0,0
181765,13,7,6,0,0,0,0,0,0,0,0,0,0,0,0,0,0,0.0,13,7,6,0,0,0,0,0,0,0,0,0
181783,124,63,61,0,0,0,0,0,0,0,0,0,5,1,4,1,1,0.0,117,60,57,0,0,0,0,0,0,1,1,0
181817,64,30,34,1,0,1,1,1,0,0,0,0,3,1,2,0,0,0.0,57,27,30,0,0,0,2,1,1,0,0,0
181853,23,16,7,0,0,0,0,0,0,0,0,0,1,1,0,0,0,0.0,22,15,7,0,0,0,0,0,0,0,0,0
181941,21,12,9,1,0,1,0,0,0,1,0,1,1,0,1,0,0,0.0,17,11,6,0,0,0,1,1,0,0,0,0
182005,512,266,246,4,2,2,47,27,20,37,12,25,38,19,19,0,0,0.0,369,197,172,10,6,4,4,0,4,3,3,0
182148,23,5,18,1,0,1,4,2,2,1,0,1,1,0,1,0,0,0.0,9,3,6,0,0,0,7,0,7,0,0,0
182281,1204,684,520,3,3,0,226,143,83,60,29,31,80,36,44,5,3,0.0,741,421,320,26,14,12,14,7,7,49,28,21
182290,924,511,413,3,2,1,101,64,37,17,10,7,57,28,29,1,1,0.0,669,364,305,15,7,8,0,0,0,61,35,26
182306,72,45,27,1,1,0,0,0,0,0,0,0,6,3,3,0,0,0.0,58,36,22,0,0,0,0,0,0,7,5,2
182500,144,73,71,0,0,0,8,4,4,3,2,1,10,2,8,0,0,0.0,115,61,54,4,1,3,1,0,1,3,3,0
182564,60,28,32,0,0,0,4,0,4,0,0,0,2,2,0,0,0,0.0,54,26,28,0,0,0,0,0,0,0,0,0
182634,52,19,33,0,0,0,0,0,0,1,0,1,1,0,1,0,0,0.0,50,19,31,0,0,0,0,0,0,0,0,0
182670,710,430,280,3,2,1,70,41,29,25,10,15,42,18,24,0,0,0.0,487,303,184,20,12,8,32,21,11,31,23,8
182795,86,37,49,0,0,0,6,4,2,1,1,0,2,0,2,0,0,0.0,77,32,45,0,0,0,0,0,0,0,0,0
182829,26,14,12,0,0,0,1,0,1,0,0,0,0,0,0,0,0,0.0,22,12,10,1,1,0,2,1,1,0,0,0
182917,7,6,1,0,0,0,0,0,0,0,0,0,0,0,0,0,0,0.0,7,6,1,0,0,0,0,0,0,0,0,0
182980,68,38,30,0,0,0,0,0,0,2,0,2,1,1,0,0,0,0.0,48,26,22,0,0,0,17,11,6,0,0,0
183026,130,73,57,0,0,0,6,6,0,3,2,1,0,0,0,0,0,0.0,103,54,49,1,1,0,17,10,7,0,0,0
183044,705,333,372,2,2,0,71,37,34,9,5,4,25,11,14,1,1,0.0,509,236,273,8,3,5,58,26,32,22,12,10
183062,121,54,67,0,0,0,6,3,3,3,3,0,3,1,2,0,0,0.0,91,40,51,3,0,3,10,4,6,5,3,2
183071,44,26,18,0,0,0,2,2,0,0,0,0,1,0,1,0,0,0.0,35,20,15,0,0,0,6,4,2,0,0,0
183080,167,79,88,0,0,0,14,12,2,1,0,1,4,2,2,0,0,0.0,136,59,77,1,0,1,7,3,4,4,3,1
183099,66,20,46,1,1,0,0,0,0,0,0,0,0,0,0,0,0,0.0,62,17,45,0,0,0,3,2,1,0,0,0
183105,21,11,10,0,0,0,0,0,0,0,0,0,0,0,0,0,0,0.0,19,10,9,1,1,0,1,0,1,0,0,0
183114,25,3,22,0,0,0,0,0,0,1,0,1,0,0,0,0,0,0.0,24,3,21,0,0,0,0,0,0,0,0,0
183123,25,14,11,0,0,0,0,0,0,0,0,0,0,0,0,0,0,0.0,23,13,10,0,0,0,2,1,1,0,0,0
183132,47,25,22,0,0,0,0,0,0,0,0,0,0,0,0,0,0,0.0,45,23,22,0,0,0,2,2,0,0,0,0
183141,27,13,14,0,0,0,0,0,0,0,0,0,0,0,0,0,0,0.0,25,12,13,0,0,0,2,1,1,0,0,0
183150,34,11,23,0,0,0,0,0,0,0,0,0,0,0,0,0,0,0.0,33,10,23,0,0,0,1,1,0,0,0,0
183211,69,18,51,0,0,0,2,1,1,1,0,1,0,0,0,0,0,0.0,60,14,46,1,1,0,5,2,3,0,0,0
183239,153,65,88,0,0,0,4,0,4,1,1,0,8,3,5,0,0,0.0,133,56,77,1,0,1,4,3,1,2,2,0
183248,17,0,17,0,0,0,1,0,1,0,0,0,0,0,0,0,0,0.0,16,0,16,0,0,0,0,0,0,0,0,0
183257,11,2,9,0,0,0,0,0,0,0,0,0,0,0,0,0,0,0.0,9,2,7,0,0,0,2,0,2,0,0,0
183275,7,6,1,0,0,0,1,1,0,0,0,0,0,0,0,0,0,0.0,5,4,1,0,0,0,0,0,0,1,1,0
183488,10,4,6,0,0,0,3,2,1,1,0,1,1,0,1,0,0,0.0,5,2,3,0,0,0,0,0,0,0,0,0
183655,72,27,45,0,0,0,5,1,4,2,1,1,2,2,0,0,0,0.0,63,23,40,0,0,0,0,0,0,0,0,0
183743,213,98,115,0,0,0,21,9,12,10,5,5,10,5,5,0,0,0.0,170,78,92,0,0,0,1,0,1,1,1,0
183789,56,29,27,0,0,0,8,4,4,7,4,3,5,2,3,0,0,0.0,30,16,14,0,0,0,6,3,3,0,0,0
183804,18,18,0,0,0,0,0,0,0,0,0,0,0,0,0,0,0,0.0,18,18,0,0,0,0,0,0,0,0,0,0
183822,47,22,25,0,0,0,2,1,1,4,1,3,3,2,1,0,0,0.0,38,18,20,0,0,0,0,0,0,0,0,0
183859,189,79,110,0,0,0,10,0,10,9,4,5,3,2,1,1,1,0.0,161,70,91,5,2,3,0,0,0,0,0,0
183877,65,27,38,0,0,0,7,2,5,10,6,4,1,0,1,0,0,0.0,47,19,28,0,0,0,0,0,0,0,0,0
183910,79,32,47,0,0,0,7,2,5,2,0,2,2,1,1,0,0,0.0,65,28,37,1,0,1,2,1,1,0,0,0
183938,111,46,65,1,1,0,6,4,2,9,5,4,2,1,1,0,0,0.0,93,35,58,0,0,0,0,0,0,0,0,0
183974,60,25,35,0,0,0,4,1,3,1,0,1,1,0,1,0,0,0.0,53,23,30,1,1,0,0,0,0,0,0,0
184180,130,56,74,0,0,0,12,5,7,6,3,3,5,3,2,0,0,0.0,107,45,62,0,0,0,0,0,0,0,0,0
184205,38,15,23,0,0,0,0,0,0,5,1,4,1,1,0,0,0,0.0,32,13,19,0,0,0,0,0,0,0,0,0
184348,131,63,68,1,1,0,10,4,6,12,7,5,7,4,3,0,0,0.0,81,40,41,0,0,0,11,1,10,9,6,3
184481,83,44,39,0,0,0,8,3,5,31,15,16,9,5,4,0,0,0.0,32,19,13,0,0,0,3,2,1,0,0,0
184603,128,68,60,1,0,1,30,15,15,5,5,0,8,2,6,0,0,0.0,79,45,34,0,0,0,5,1,4,0,0,0
184612,84,26,58,0,0,0,6,2,4,5,0,5,12,4,8,0,0,0.0,60,19,41,1,1,0,0,0,0,0,0,0
184694,150,72,78,0,0,0,30,14,16,5,2,3,7,1,6,0,0,0.0,101,53,48,0,0,0,7,2,5,0,0,0
184773,95,31,64,0,0,0,15,6,9,7,2,5,3,1,2,0,0,0.0,70,22,48,0,0,0,0,0,0,0,0,0
184782,799,398,401,3,1,2,104,58,46,47,20,27,34,15,19,0,0,0.0,552,271,281,16,9,7,11,6,5,32,18,14
184791,78,25,53,0,0,0,3,1,2,7,2,5,2,2,0,1,1,0.0,62,18,44,0,0,0,3,1,2,0,0,0
184959,19,7,12,0,0,0,1,0,1,3,2,1,2,1,1,0,0,0.0,13,4,9,0,0,0,0,0,0,0,0,0
184995,94,43,51,0,0,0,8,3,5,8,3,5,12,5,7,1,1,0.0,61,29,32,0,0,0,4,2,2,0,0,0
185129,203,110,93,0,0,0,42,22,20,20,7,13,17,10,7,0,0,0.0,114,65,49,4,3,1,6,3,3,0,0,0
185262,372,148,224,0,0,0,78,30,48,30,10,20,36,18,18,0,0,0.0,214,86,128,2,0,2,5,1,4,7,3,4
185509,103,52,51,0,0,0,6,1,5,11,4,7,0,0,0,0,0,0.0,85,47,38,0,0,0,1,0,1,0,0,0
185536,132,65,67,0,0,0,12,5,7,5,2,3,8,5,3,0,0,0.0,107,53,54,0,0,0,0,0,0,0,0,0
185572,279,124,155,0,0,0,32,14,18,9,6,3,8,3,5,0,0,0.0,222,96,126,3,2,1,0,0,0,5,3,2
185590,640,317,323,0,0,0,92,45,47,42,19,23,50,23,27,0,0,0.0,348,176,172,8,5,3,72,32,40,28,17,11
185721,7,3,4,0,0,0,1,1,0,0,0,0,0,0,0,0,0,0.0,6,2,4,0,0,0,0,0,0,0,0,0
185758,7,4,3,0,0,0,1,1,0,3,1,2,0,0,0,0,0,0.0,3,2,1,0,0,0,0,0,0,0,0,0
185828,491,362,129,0,0,0,120,90,30,12,10,2,24,19,5,0,0,0.0,266,194,72,1,0,1,20,19,1,48,30,18
185873,108,49,59,0,0,0,11,5,6,3,2,1,7,6,1,0,0,0.0,85,35,50,1,1,0,1,0,1,0,0,0
186034,75,27,48,0,0,0,5,2,3,10,2,8,7,3,4,0,0,0.0,53,20,33,0,0,0,0,0,0,0,0,0
186122,36,22,14,0,0,0,2,1,1,5,3,2,3,2,1,0,0,0.0,26,16,10,0,0,0,0,0,0,0,0,0
186131,1019,628,391,1,0,1,118,74,44,55,29,26,48,28,20,0,0,0.0,653,421,232,4,3,1,64,29,35,76,44,32
186186,18,18,0,0,0,0,0,0,0,0,0,0,0,0,0,0,0,0.0,18,18,0,0,0,0,0,0,0,0,0,0
186201,192,91,101,0,0,0,32,14,18,17,8,9,12,4,8,0,0,0.0,125,63,62,3,1,2,2,1,1,1,0,1
186283,173,92,81,0,0,0,21,10,11,9,6,3,6,3,3,0,0,0.0,130,67,63,0,0,0,0,0,0,7,6,1
186371,300,159,141,0,0,0,32,28,4,10,3,7,9,5,4,0,0,0.0,144,73,71,1,1,0,68,28,40,36,21,15
186380,3422,1811,1611,2,2,0,496,275,221,129,44,85,144,60,84,3,1,0.0,1612,911,701,28,12,16,702,330,372,306,176,130
186399,575,336,239,1,0,1,64,39,25,40,21,19,28,19,9,0,0,0.0,227,146,81,5,1,4,141,68,73,69,42,27
186432,106,52,54,0,0,0,14,8,6,7,4,3,9,5,4,0,0,0.0,73,33,40,1,0,1,0,0,0,2,2,0
186469,15,5,10,0,0,0,0,0,0,2,1,1,0,0,0,0,0,0.0,13,4,9,0,0,0,0,0,0,0,0,0
186584,455,237,218,1,0,1,35,17,18,19,8,11,24,11,13,0,0,0.0,352,187,165,0,0,0,10,3,7,14,11,3
186618,54,13,41,0,0,0,3,1,2,4,0,4,2,0,2,0,0,0.0,36,9,27,0,0,0,9,3,6,0,0,0
186645,119,51,68,0,0,0,9,3,6,6,3,3,5,2,3,0,0,0.0,97,43,54,2,0,2,0,0,0,0,0,0
186867,330,231,99,1,1,0,74,56,18,5,5,0,3,3,0,0,0,0.0,157,104,53,1,1,0,9,8,1,80,53,27
186876,337,152,185,2,2,0,36,18,18,30,15,15,18,11,7,1,1,0.0,232,97,135,2,0,2,1,0,1,15,8,7
187134,365,165,200,1,0,1,63,33,30,26,11,15,21,10,11,0,0,0.0,218,92,126,0,0,0,36,19,17,0,0,0
187198,80,30,50,0,0,0,14,7,7,16,5,11,5,3,2,0,0,0.0,45,15,30,0,0,0,0,0,0,0,0,0
187444,288,130,158,0,0,0,55,26,29,26,14,12,20,8,12,0,0,0.0,182,79,103,1,1,0,2,1,1,2,1,1
187532,293,120,173,2,2,0,9,5,4,4,3,1,70,30,40,0,0,0.0,188,71,117,3,1,2,17,8,9,0,0,0
187596,91,58,33,40,22,18,1,0,1,5,4,1,1,1,0,0,0,0.0,21,14,7,1,1,0,5,4,1,17,12,5
187620,119,53,66,2,1,1,6,5,1,4,1,3,51,27,24,0,0,0.0,52,16,36,2,1,1,0,0,0,2,2,0
187639,45,13,32,0,0,0,0,0,0,0,0,0,13,4,9,0,0,0.0,31,9,22,1,0,1,0,0,0,0,0,0
187648,156,80,76,0,0,0,2,2,0,4,2,2,13,5,8,0,0,0.0,108,52,56,2,0,2,3,3,0,24,16,8
187666,36,15,21,1,0,1,1,1,0,0,0,0,10,3,7,0,0,0.0,24,11,13,0,0,0,0,0,0,0,0,0
187745,25,11,14,12,7,5,0,0,0,0,0,0,4,0,4,0,0,0.0,9,4,5,0,0,0,0,0,0,0,0,0
187897,123,65,58,1,0,1,9,4,5,3,2,1,33,19,14,0,0,0.6931471805599453,66,32,34,1,0,1,3,2,1,7,6,1
187903,64,30,34,1,0,1,0,0,0,4,2,2,7,2,5,0,0,0.6931471805599453,51,25,26,0,0,0,1,1,0,0,0,0
187912,79,51,28,0,0,0,6,3,3,5,5,0,9,4,5,1,1,0.0,48,36,12,5,0,5,0,0,0,5,2,3
187958,55,27,28,8,3,5,9,4,5,1,1,0,8,4,4,0,0,0.6931471805599453,26,14,12,1,0,1,0,0,0,2,1,1
187967,143,106,37,0,0,0,30,26,4,1,1,0,14,10,4,0,0,0.0,94,65,29,1,1,0,0,0,0,3,3,0
187976,3,1,2,0,0,0,1,1,0,0,0,0,0,0,0,0,0,0.0,2,0,2,0,0,0,0,0,0,0,0,0
187985,1937,942,995,42,17,25,196,110,86,32,10,22,314,135,179,0,0,0.6931471805599453,1139,561,578,32,15,17,89,43,46,93,51,42
187994,29,14,15,0,0,0,1,1,0,1,1,0,7,2,5,0,0,0.0,20,10,10,0,0,0,0,0,0,0,0,0
188003,36,19,17,0,0,0,5,4,1,0,0,0,4,1,3,0,0,0.6931471805599453,22,10,12,5,4,1,0,0,0,0,0,0
188021,13,7,6,0,0,0,0,0,0,0,0,0,3,3,0,0,0,0.0,9,3,6,1,1,0,0,0,0,0,0,0
188030,626,332,294,5,4,1,59,42,17,11,6,5,113,44,69,0,0,0.0,378,200,178,9,5,4,8,5,3,43,26,17
188049,31,16,15,1,0,1,0,0,0,0,0,0,7,4,3,0,0,0.0,21,11,10,1,0,1,1,1,0,0,0,0
188058,43,17,26,0,0,0,2,1,1,1,1,0,1,0,1,0,0,0.0,11,5,6,0,0,0,28,10,18,0,0,0
188100,142,76,66,11,5,6,3,2,1,4,4,0,7,3,4,0,0,0.0,103,54,49,0,0,0,14,8,6,0,0,0
188137,64,33,31,1,1,0,0,0,0,0,0,0,21,9,12,0,0,0.0,38,22,16,1,1,0,3,0,3,0,0,0
188182,25,11,14,0,0,0,1,1,0,1,0,1,1,1,0,0,0,0.0,3,2,1,0,0,0,19,7,12,0,0,0
188207,5,0,5,0,0,0,0,0,0,0,0,0,0,0,0,0,0,0.0,5,0,5,0,0,0,0,0,0,0,0,0
188216,17,11,6,7,3,4,0,0,0,2,2,0,2,1,1,0,0,0.0,3,2,1,2,2,0,1,1,0,0,0,0
188225,25,7,18,0,0,0,0,0,0,0,0,0,5,1,4,0,0,0.0,18,6,12,0,0,0,2,0,2,0,0,0
188261,17,12,5,3,3,0,0,0,0,0,0,0,2,1,1,0,0,0.0,12,8,4,0,0,0,0,0,0,0,0,0
188304,105,50,55,0,0,0,7,3,4,2,1,1,21,13,8,0,0,0.0,52,23,29,0,0,0,17,6,11,6,4,2
188340,38,29,9,0,0,0,3,1,2,6,6,0,2,1,1,4,4,0.0,22,16,6,1,1,0,0,0,0,0,0,0
188429,333,158,175,0,0,0,50,21,29,18,6,12,25,12,13,0,0,0.0,232,117,115,3,1,2,5,1,4,0,0,0
188438,84,39,45,0,0,0,4,3,1,1,0,1,2,0,2,0,0,0.0,75,34,41,1,1,0,0,0,0,1,1,0
188517,9,6,3,0,0,0,0,0,0,0,0,0,0,0,0,0,0,0.0,9,6,3,0,0,0,0,0,0,0,0,0
188526,78,42,36,0,0,0,12,8,4,1,1,0,0,0,0,0,0,0.0,63,32,31,1,0,1,1,1,0,0,0,0
188535,39,19,20,0,0,0,2,0,2,3,2,1,1,1,0,1,1,0.0,30,13,17,1,1,0,1,1,0,0,0,0
188580,618,354,264,0,0,0,110,67,43,19,8,11,8,4,4,0,0,0.0,416,243,173,13,1,12,44,23,21,8,8,0
188641,145,80,65,0,0,0,12,11,1,3,2,1,6,4,2,0,0,0.0,117,59,58,0,0,0,0,0,0,7,4,3
188678,8,2,6,0,0,0,0,0,0,1,0,1,1,0,1,0,0,0.0,6,2,4,0,0,0,0,0,0,0,0,0
188687,4,2,2,0,0,0,0,0,0,1,0,1,0,0,0,0,0,0.0,3,2,1,0,0,0,0,0,0,0,0,0
188854,143,92,51,1,0,1,5,3,2,6,4,2,4,3,1,0,0,0.0,115,74,41,4,3,1,8,5,3,0,0,0
189015,23,5,18,0,0,0,2,1,1,4,0,4,2,1,1,0,0,0.0,15,3,12,0,0,0,0,0,0,0,0,0
189088,207,113,94,2,1,1,17,8,9,9,5,4,8,3,5,0,0,0.0,125,72,53,1,0,1,18,9,9,27,15,12
189097,278,99,179,1,0,1,29,8,21,23,5,18,25,8,17,0,0,0.0,181,69,112,0,0,0,8,3,5,11,6,5
189228,29,13,16,0,0,0,3,2,1,2,2,0,4,2,2,0,0,0.0,19,6,13,0,0,0,1,1,0,0,0,0
189282,7,2,5,0,0,0,4,1,3,0,0,0,1,0,1,0,0,0.0,2,1,1,0,0,0,0,0,0,0,0,0
189413,28,12,16,0,0,0,3,3,0,2,1,1,19,8,11,0,0,0.0,4,0,4,0,0,0,0,0,0,0,0,0
189501,68,26,42,0,0,0,8,2,6,10,3,7,0,0,0,0,0,0.0,47,19,28,0,0,0,3,2,1,0,0,0
189547,138,51,87,1,0,1,3,1,2,3,2,1,3,1,2,0,0,0.0,127,47,80,0,0,0,1,0,1,0,0,0
189565,27,9,18,0,0,0,0,0,0,0,0,0,0,0,0,0,0,0.0,26,9,17,0,0,0,1,0,1,0,0,0
189583,30,10,20,0,0,0,1,0,1,1,1,0,0,0,0,0,0,0.0,28,9,19,0,0,0,0,0,0,0,0,0
189592,17,3,14,0,0,0,0,0,0,0,0,0,2,1,1,0,0,0.0,15,2,13,0,0,0,0,0,0,0,0,0
189705,128,74,54,1,1,0,7,3,4,2,1,1,3,2,1,0,0,0.0,115,67,48,0,0,0,0,0,0,0,0,0
189811,20,3,17,0,0,0,8,1,7,5,1,4,2,0,2,0,0,0.0,1,0,1,2,0,2,2,1,1,0,0,0
189839,38,19,19,1,1,0,2,1,1,0,0,0,0,0,0,0,0,0.0,35,17,18,0,0,0,0,0,0,0,0,0
189848,50,16,34,0,0,0,0,0,0,0,0,0,3,1,2,0,0,0.0,47,15,32,0,0,0,0,0,0,0,0,0
189857,23,23,0,0,0,0,0,0,0,0,0,0,0,0,0,0,0,0.0,23,23,0,0,0,0,0,0,0,0,0,0
190044,245,151,94,0,0,0,30,21,9,6,5,1,5,3,2,0,0,0.0,148,86,62,2,1,1,10,9,1,44,26,18
190053,23,8,15,0,0,0,0,0,0,0,0,0,0,0,0,0,0,0.0,22,7,15,0,0,0,1,1,0,0,0,0
190071,9,1,8,0,0,0,0,0,0,2,0,2,0,0,0,0,0,0.0,7,1,6,0,0,0,0,0,0,0,0,0
190080,5,0,5,0,0,0,1,0,1,1,0,1,0,0,0,0,0,0.0,3,0,3,0,0,0,0,0,0,0,0,0
190099,345,182,163,1,0,1,34,13,21,24,10,14,20,10,10,1,1,0.0,232,132,100,5,3,2,4,3,1,24,10,14
190114,17,9,8,0,0,0,3,1,2,2,1,1,0,0,0,0,0,0.0,10,6,4,1,1,0,1,0,1,0,0,0
190150,4604,2446,2158,6,2,4,854,432,422,228,98,130,253,109,144,3,3,0.0,2828,1572,1256,56,15,41,136,77,59,240,138,102
190169,35,14,21,0,0,0,1,0,1,0,0,0,1,0,1,0,0,0.0,33,14,19,0,0,0,0,0,0,0,0,0
190372,55,31,24,0,0,0,4,2,2,3,2,1,2,1,1,0,0,0.0,38,23,15,2,1,1,1,1,0,5,1,4
190415,1918,1130,788,7,4,3,242,137,105,68,33,35,89,49,40,0,0,0.0,1365,840,525,24,7,17,3,2,1,120,58,62
190424,2108,1096,1012,7,3,4,582,303,279,82,29,53,97,35,62,2,1,0.0,1241,666,575,25,17,8,3,3,0,69,39,30
190442,61,31,30,0,0,0,4,3,1,4,2,2,0,0,0,0,0,0.0,49,25,24,1,1,0,0,0,0,3,0,3
190451,18,0,18,0,0,0,0,0,0,1,0,1,0,0,0,0,0,0.0,17,0,17,0,0,0,0,0,0,0,0,0
190503,130,83,47,2,2,0,5,2,3,3,1,2,6,2,4,6,3,0.0,98,66,32,5,5,0,5,2,3,0,0,0
190512,496,305,191,0,0,0,58,31,27,27,15,12,26,15,11,0,0,0.0,304,196,108,3,3,0,0,0,0,78,45,33
190521,548,252,296,1,1,0,71,27,44,90,42,48,66,29,37,0,0,0.0,282,134,148,7,3,4,0,0,0,31,16,15
190530,251,135,116,0,0,0,29,15,14,41,24,17,38,19,19,0,0,0.0,126,64,62,3,3,0,1,1,0,13,9,4
190549,455,236,219,0,0,0,65,29,36,36,23,13,26,11,15,0,0,0.0,295,159,136,4,2,2,3,0,3,26,12,14
190558,330,174,156,0,0,0,63,32,31,13,7,6,22,14,8,0,0,0.0,221,117,104,5,1,4,0,0,0,6,3,3
190567,533,325,208,0,0,0,85,59,26,51,24,27,46,21,25,0,0,0.0,319,201,118,1,1,0,0,0,0,31,19,12
190576,234,116,118,0,0,0,16,9,7,23,7,16,16,8,8,0,0,0.0,170,86,84,2,0,2,0,0,0,7,6,1
190585,175,78,97,0,0,0,18,7,11,25,9,16,59,28,31,0,0,0.0,66,33,33,2,0,2,0,0,0,5,1,4
190594,615,291,324,2,0,2,76,33,43,60,32,28,66,25,41,0,0,0.0,388,189,199,9,5,4,0,0,0,14,7,7
190600,405,204,201,0,0,0,40,15,25,40,23,17,54,29,25,2,0,0.0,240,127,113,3,1,2,0,0,0,26,9,17
190619,320,154,166,0,0,0,29,16,13,40,16,24,25,11,14,0,0,0.0,218,107,111,2,1,1,0,0,0,6,3,3
190628,348,152,196,0,0,0,50,23,27,45,24,21,46,20,26,0,0,0.0,184,72,112,1,1,0,0,0,0,22,12,10
190637,378,167,211,2,0,2,26,11,15,52,18,34,56,28,28,0,0,0.0,216,99,117,7,1,6,0,0,0,19,10,9
190646,144,72,72,0,0,0,15,9,6,92,46,46,9,6,3,0,0,0.0,19,8,11,3,1,2,0,0,0,6,2,4
190655,376,193,183,2,1,1,69,39,30,48,20,28,35,20,15,0,0,0.0,198,98,100,2,1,1,0,0,0,22,14,8
190664,575,302,273,0,0,0,75,35,40,31,17,14,45,20,25,0,0,0.0,371,204,167,9,5,4,0,0,0,44,21,23
190673,367,179,188,1,0,1,49,22,27,34,13,21,31,17,14,0,0,0.0,224,106,118,4,3,1,0,0,0,24,18,6
190682,61,19,42,0,0,0,13,2,11,10,4,6,8,1,7,0,0,0.0,29,11,18,1,1,0,0,0,0,0,0,0
190691,195,91,104,0,0,0,31,16,15,42,14,28,21,8,13,0,0,0.0,97,51,46,0,0,0,0,0,0,4,2,2
190716,143,52,91,0,0,0,8,3,5,4,1,3,2,1,1,0,0,0.0,129,47,82,0,0,0,0,0,0,0,0,0
190725,140,48,92,0,0,0,2,0,2,2,2,0,3,1,2,0,0,0.0,132,45,87,0,0,0,1,0,1,0,0,0
190761,70,25,45,0,0,0,5,4,1,1,0,1,4,1,3,0,0,0.0,59,20,39,0,0,0,1,0,1,0,0,0
190840,106,49,57,2,1,1,4,1,3,9,4,5,4,2,2,0,0,0.0,81,37,44,0,0,0,2,1,1,4,3,1
190956,13,0,13,0,0,0,0,0,0,0,0,0,0,0,0,0,0,0.0,13,0,13,0,0,0,0,0,0,0,0,0
190983,54,25,29,0,0,0,0,0,0,0,0,0,0,0,0,0,0,0.0,52,25,27,0,0,0,2,0,2,0,0,0
191083,220,113,107,1,1,0,3,0,3,13,5,8,5,2,3,0,0,0.0,195,104,91,0,0,0,3,1,2,0,0,0
191126,199,84,115,0,0,0,14,9,5,14,7,7,8,3,5,0,0,0.0,120,49,71,0,0,0,11,6,5,32,10,22
191199,106,54,52,0,0,0,1,1,0,2,2,0,0,0,0,2,2,0.0,89,41,48,4,4,0,8,4,4,0,0,0
191205,20,9,11,0,0,0,2,0,2,1,1,0,0,0,0,0,0,0.0,17,8,9,0,0,0,0,0,0,0,0,0
191241,720,376,344,0,0,0,91,37,54,46,22,24,50,27,23,0,0,0.0,472,262,210,4,1,3,13,4,9,44,23,21
191302,35,19,16,0,0,0,0,0,0,0,0,0,2,0,2,0,0,0.0,33,19,14,0,0,0,0,0,0,0,0,0
191339,69,23,46,2,0,2,1,1,0,1,1,0,1,0,1,0,0,0.0,63,20,43,1,1,0,0,0,0,0,0,0
191515,211,100,111,0,0,0,20,10,10,8,7,1,14,6,8,0,0,0.0,146,68,78,3,0,3,10,4,6,10,5,5
191533,99,48,51,0,0,0,5,1,4,0,0,0,0,0,0,0,0,0.0,74,38,36,0,0,0,17,7,10,3,2,1
191597,20,7,13,0,0,0,5,1,4,8,1,7,2,0,2,0,0,0.0,5,5,0,0,0,0,0,0,0,0,0,0
191612,40,22,18,0,0,0,1,0,1,1,0,1,0,0,0,0,0,0.0,38,22,16,0,0,0,0,0,0,0,0,0
191621,33,18,15,0,0,0,1,1,0,0,0,0,0,0,0,0,0,0.0,32,17,15,0,0,0,0,0,0,0,0,0
191630,176,92,84,2,0,2,19,11,8,8,5,3,2,1,1,0,0,0.0,142,74,68,0,0,0,3,1,2,0,0,0
191649,503,269,234,3,2,1,54,27,27,25,10,15,23,16,7,1,1,0.0,370,197,173,1,1,0,9,5,4,17,10,7
191676,54,32,22,0,0,0,2,0,2,1,1,0,0,0,0,0,0,0.0,48,31,17,0,0,0,1,0,1,2,0,2
191719,229,103,126,0,0,0,6,2,4,12,2,10,0,0,0,0,0,0.0,210,98,112,1,1,0,0,0,0,0,0,0
191931,159,85,74,0,0,0,22,10,12,7,2,5,6,2,4,0,0,0.0,107,64,43,1,1,0,15,5,10,1,1,0
191968,400,191,209,1,0,1,18,8,10,11,7,4,23,12,11,1,0,0.0,320,154,166,6,2,4,3,2,1,17,6,11
191986,54,26,28,0,0,0,1,1,0,0,0,0,0,0,0,0,0,0.0,53,25,28,0,0,0,0,0,0,0,0,0
192022,52,28,24,0,0,0,1,1,0,0,0,0,2,2,0,0,0,0.0,48,24,24,0,0,0,0,0,0,1,1,0
192040,27,16,11,0,0,0,0,0,0,0,0,0,0,0,0,0,0,0.0,27,16,11,0,0,0,0,0,0,0,0,0
192110,102,56,46,0,0,0,14,7,7,6,2,4,3,2,1,0,0,0.0,73,41,32,0,0,0,3,1,2,3,3,0
192192,59,21,38,0,0,0,1,1,0,1,0,1,0,0,0,0,0,0.0,56,19,37,1,1,0,0,0,0,0,0,0
192271,15,7,8,0,0,0,0,0,0,2,1,1,1,0,1,0,0,0.0,10,4,6,0,0,0,2,2,0,0,0,0
192323,177,96,81,0,0,0,17,8,9,6,3,3,6,3,3,0,0,0.0,139,75,64,0,0,0,4,3,1,5,4,1
192448,388,171,217,0,0,0,56,29,27,36,11,25,21,9,12,0,0,0.0,243,104,139,0,0,0,14,6,8,18,12,6
192509,12,4,8,0,0,0,2,0,2,7,3,4,1,0,1,0,0,0.0,2,1,1,0,0,0,0,0,0,0,0,0
192688,17,9,8,0,0,0,3,0,3,8,5,3,1,1,0,0,0,0.0,5,3,2,0,0,0,0,0,0,0,0,0
192703,231,127,104,1,0,1,27,14,13,7,5,2,9,3,6,0,0,0.0,165,94,71,3,1,2,19,10,9,0,0,0
192712,74,47,27,0,0,0,3,0,3,3,3,0,1,1,0,0,0,0.0,66,42,24,1,1,0,0,0,0,0,0,0
192749,101,46,55,1,1,0,12,1,11,3,2,1,4,1,3,0,0,0.0,76,39,37,0,0,0,3,2,1,2,0,2
192785,32,7,25,0,0,0,1,0,1,3,2,1,0,0,0,0,0,0.0,28,5,23,0,0,0,0,0,0,0,0,0
192819,243,120,123,0,0,0,25,10,15,13,6,7,9,7,2,0,0,0.0,195,97,98,0,0,0,1,0,1,0,0,0
192864,85,25,60,0,0,0,5,2,3,4,0,4,0,0,0,0,0,0.0,58,17,41,0,0,0,18,6,12,0,0,0
192925,56,22,34,1,1,0,4,2,2,2,1,1,1,1,0,0,0,0.0,48,17,31,0,0,0,0,0,0,0,0,0
193016,225,80,145,0,0,0,29,12,17,26,5,21,17,6,11,0,0,0.0,144,51,93,4,3,1,2,1,1,3,2,1
193052,11,11,0,0,0,0,0,0,0,0,0,0,0,0,0,0,0,0.0,11,11,0,0,0,0,0,0,0,0,0,0
193201,8,2,6,0,0,0,0,0,0,0,0,0,1,0,1,0,0,0.0,7,2,5,0,0,0,0,0,0,0,0,0
193247,15,15,0,0,0,0,0,0,0,0,0,0,0,0,0,0,0,0.0,15,15,0,0,0,0,0,0,0,0,0,0
193283,115,69,46,0,0,0,2,0,2,3,3,0,5,3,2,0,0,0.0,104,62,42,0,0,0,0,0,0,1,1,0
193292,182,45,137,0,0,0,14,1,13,17,3,14,9,4,5,0,0,0.0,135,35,100,7,2,5,0,0,0,0,0,0
193308,186,69,117,0,0,0,26,12,14,81,19,62,13,3,10,0,0,0.6931471805599453,62,35,27,4,0,4,0,0,0,0,0,0
193326,231,100,131,1,0,1,9,3,6,14,7,7,11,4,7,0,0,0.6931471805599453,191,84,107,5,2,3,0,0,0,0,0,0
193353,76,35,41,0,0,0,7,2,5,1,0,1,4,2,2,0,0,0.0,62,30,32,1,0,1,0,0,0,1,1,0
193399,79,34,45,0,0,0,6,2,4,5,0,5,7,0,7,0,0,0.0,52,28,24,5,3,2,4,1,3,0,0,0
193405,3621,1962,1659,5,2,3,897,456,441,138,56,82,170,88,82,1,1,0.0,1698,1013,685,37,18,19,535,250,285,140,78,62
193478,314,116,198,1,1,0,18,5,13,27,10,17,12,4,8,0,0,0.0,254,95,159,2,1,1,0,0,0,0,0,0
193584,175,71,104,1,0,1,11,4,7,7,5,2,10,6,4,0,0,0.6931471805599453,145,55,90,0,0,0,0,0,0,1,1,0
193654,418,199,219,1,1,0,44,15,29,30,14,16,31,14,17,0,0,0.0,213,114,99,11,3,8,52,23,29,36,15,21
193751,37,22,15,0,0,0,0,0,0,1,0,1,0,0,0,0,0,0.0,35,22,13,0,0,0,0,0,0,1,0,1
193821,46,22,24,0,0,0,1,0,1,3,1,2,2,0,2,0,0,0.0,37,19,18,1,0,1,2,2,0,0,0,0
193830,144,91,53,0,0,0,38,23,15,1,1,0,4,3,1,2,1,0.0,91,60,31,1,0,1,0,0,0,7,3,4
193858,5,3,2,0,0,0,2,2,0,0,0,0,1,0,1,0,0,0.0,2,1,1,0,0,0,0,0,0,0,0,0
193894,9,4,5,0,0,0,1,0,1,7,3,4,1,1,0,0,0,0.0,0,0,0,0,0,0,0,0,0,0,0,0
193900,6778,3752,3026,8,3,5,1280,645,635,337,147,190,371,185,186,6,5,0.0,4325,2505,1820,33,19,14,57,26,31,361,217,144
193946,84,40,44,2,0,2,5,4,1,2,1,1,0,0,0,0,0,0.0,75,35,40,0,0,0,0,0,0,0,0,0
193973,176,93,83,0,0,0,11,8,3,4,1,3,3,1,2,0,0,0.0,134,72,62,1,1,0,6,4,2,17,6,11
194028,38,11,27,0,0,0,0,0,0,0,0,0,0,0,0,0,0,0.6931471805599453,38,11,27,0,0,0,0,0,0,0,0,0
194073,27,14,13,0,0,0,3,0,3,2,1,1,0,0,0,0,0,0.0,21,12,9,1,1,0,0,0,0,0,0,0
194091,312,173,139,2,1,1,61,40,21,7,2,5,10,5,5,0,0,0.0,215,113,102,8,5,3,0,0,0,9,7,2
194161,48,27,21,0,0,0,12,4,8,11,5,6,6,5,1,0,0,0.6931471805599453,19,13,6,0,0,0,0,0,0,0,0,0
194222,148,72,76,0,0,0,3,1,2,2,0,2,2,2,0,0,0,0.0,141,69,72,0,0,0,0,0,0,0,0,0
194240,114,45,69,1,1,0,3,2,1,5,3,2,5,3,2,0,0,0.6931471805599453,80,31,49,20,5,15,0,0,0,0,0,0
194310,483,208,275,1,0,1,55,26,29,24,7,17,26,13,13,0,0,0.0,339,143,196,17,9,8,3,0,3,18,10,8
194392,45,25,20,0,0,0,2,2,0,0,0,0,0,0,0,1,0,0.0,41,23,18,1,0,1,0,0,0,0,0,0
194499,33,12,21,0,0,0,4,3,1,5,1,4,4,1,3,0,0,0.6931471805599453,20,7,13,0,0,0,0,0,0,0,0,0
194578,180,84,96,0,0,0,13,4,9,10,5,5,9,4,5,0,0,0.0,134,66,68,0,0,0,4,0,4,10,5,5
194736,8,8,0,0,0,0,0,0,0,0,0,0,0,0,0,0,0,0.0,8,8,0,0,0,0,0,0,0,0,0,0
194763,15,15,0,0,0,0,0,0,0,0,0,0,0,0,0,0,0,0.6931471805599453,15,15,0,0,0,0,0,0,0,0,0,0
194824,430,312,118,0,0,0,116,85,31,17,14,3,20,15,5,0,0,0.0,273,196,77,0,0,0,4,2,2,0,0,0
194958,94,32,62,0,0,0,2,1,1,5,4,1,1,0,1,0,0,0.0,85,27,58,1,0,1,0,0,0,0,0,0
195003,1041,645,396,6,4,2,125,76,49,37,24,13,65,46,19,2,2,0.6931471805599453,725,444,281,14,9,5,17,11,6,50,29,21
195030,2678,1528,1150,7,3,4,397,219,178,78,39,39,76,44,32,1,1,0.0,1981,1147,834,21,6,15,3,2,1,114,67,47
195049,70,51,19,0,0,0,9,6,3,0,0,0,4,2,2,0,0,0.0,52,39,13,0,0,0,0,0,0,5,4,1
195058,87,35,52,0,0,0,6,2,4,8,4,4,4,2,2,0,0,0.0,68,27,41,0,0,0,1,0,1,0,0,0
195128,117,23,94,2,0,2,4,1,3,4,1,3,2,0,2,1,0,0.0,104,21,83,0,0,0,0,0,0,0,0,0
195164,161,82,79,0,0,0,6,4,2,3,2,1,4,2,2,0,0,0.0,138,69,69,1,0,1,0,0,0,9,5,4
195173,102,49,53,0,0,0,6,5,1,16,8,8,3,2,1,0,0,0.0,74,33,41,3,1,2,0,0,0,0,0,0
195191,19,2,17,0,0,0,0,0,0,0,0,0,1,1,0,0,0,0.0,18,1,17,0,0,0,0,0,0,0,0,0
195216,183,87,96,2,2,0,16,6,10,6,3,3,7,3,4,0,0,0.0,143,69,74,2,1,1,2,2,0,5,1,4
195234,118,48,70,0,0,0,11,4,7,5,2,3,2,0,2,0,0,0.0,97,41,56,2,1,1,1,0,1,0,0,0
195243,54,19,35,0,0,0,5,2,3,0,0,0,3,1,2,0,0,0.0,43,14,29,3,2,1,0,0,0,0,0,0
195304,92,47,45,0,0,0,7,1,6,7,3,4,5,3,2,0,0,0.0,68,37,31,0,0,0,2,0,2,3,3,0
195322,43,17,26,0,0,0,1,1,0,1,0,1,1,0,1,0,0,0.0,37,15,22,0,0,0,0,0,0,3,1,2
195438,29,29,0,0,0,0,0,0,0,0,0,0,0,0,0,0,0,0.0,29,29,0,0,0,0,0,0,0,0,0,0
195474,219,110,109,0,0,0,14,6,8,6,4,2,6,1,5,0,0,0.0,177,90,87,1,0,1,4,2,2,11,7,4
195526,302,138,164,0,0,0,25,4,21,9,5,4,13,7,6,0,0,0.0,230,111,119,9,3,6,2,0,2,14,8,6
195544,160,65,95,1,0,1,4,1,3,8,1,7,6,2,4,1,1,0.0,113,52,61,0,0,0,27,8,19,0,0,0
195580,8,8,0,0,0,0,0,0,0,0,0,0,0,0,0,1,1,0.0,7,7,0,0,0,0,0,0,0,0,0,0
195702,16,2,14,0,0,0,0,0,0,0,0,0,0,0,0,0,0,0.0,15,2,13,1,0,1,0,0,0,0,0,0
195720,220,92,128,0,0,0,18,8,10,14,5,9,8,5,3,0,0,0.0,175,71,104,1,0,1,4,3,1,0,0,0
195784,11,5,6,0,0,0,0,0,0,1,0,1,0,0,0,0,0,0.0,7,4,3,0,0,0,2,0,2,1,1,0
195809,606,323,283,1,1,0,113,61,52,31,9,22,34,21,13,1,1,0.0,415,225,190,8,4,4,3,1,2,0,0,0
195988,34,20,14,0,0,0,1,1,0,0,0,0,1,1,0,0,0,0.0,30,17,13,2,1,1,0,0,0,0,0,0
196006,177,120,57,0,0,0,1,1,0,1,0,1,6,5,1,0,0,0.0,165,110,55,2,2,0,0,0,0,2,2,0
196015,113,61,52,1,1,0,12,9,3,5,1,4,1,1,0,0,0,0.0,84,42,42,2,2,0,2,0,2,6,5,1
196024,133,65,68,0,0,0,3,1,2,2,1,1,0,0,0,0,0,0.0,127,62,65,1,1,0,0,0,0,0,0,0
196033,97,56,41,0,0,0,2,1,1,1,0,1,2,2,0,1,0,0.0,90,53,37,1,0,1,0,0,0,0,0,0
196042,271,127,144,0,0,0,45,21,24,17,5,12,14,7,7,0,0,0.0,189,92,97,2,1,1,0,0,0,4,1,3
196051,119,64,55,0,0,0,2,1,1,2,1,1,1,1,0,0,0,0.0,111,58,53,0,0,0,0,0,0,3,3,0
196060,604,352,252,1,0,1,114,72,42,27,9,18,34,20,14,1,1,0.0,409,242,167,3,1,2,0,0,0,15,7,8
196079,796,446,350,4,1,3,142,97,45,28,14,14,38,15,23,0,0,0.0,520,284,236,3,2,1,0,0,0,61,33,28
196088,1719,1024,695,7,3,4,297,198,99,60,21,39,53,28,25,1,1,0.0,1214,723,491,9,4,5,0,0,0,78,46,32
196097,2079,1116,963,3,3,0,410,220,190,86,31,55,94,41,53,0,0,0.0,1273,712,561,17,5,12,132,67,65,64,37,27
196103,125,84,41,1,0,1,13,11,2,3,2,1,5,2,3,0,0,0.0,99,67,32,0,0,0,0,0,0,4,2,2
196112,136,90,46,0,0,0,26,21,5,6,3,3,6,5,1,1,1,0.0,79,48,31,0,0,0,0,0,0,18,12,6
196121,316,136,180,1,0,1,24,17,7,18,11,7,7,4,3,0,0,0.0,246,93,153,2,1,1,0,0,0,18,10,8
196130,326,156,170,2,2,0,38,22,16,21,14,7,20,9,11,0,0,0.0,231,103,128,4,0,4,0,0,0,10,6,4
196149,320,141,179,1,0,1,25,10,15,18,11,7,11,5,6,0,0,0.0,258,112,146,2,1,1,0,0,0,5,2,3
196158,215,120,95,0,0,0,14,9,5,2,0,2,3,2,1,0,0,0.0,179,100,79,1,0,1,0,0,0,16,9,7
196167,211,111,100,0,0,0,23,15,8,12,5,7,9,6,3,0,0,0.0,162,83,79,0,0,0,0,0,0,5,2,3
196176,326,150,176,0,0,0,42,26,16,15,9,6,20,8,12,0,0,0.0,235,102,133,4,1,3,0,0,0,10,4,6
196185,270,138,132,1,0,1,31,14,17,13,5,8,10,5,5,0,0,0.0,201,105,96,0,0,0,0,0,0,14,9,5
196194,344,188,156,1,1,0,31,18,13,13,6,7,13,9,4,0,0,0.0,266,143,123,5,1,4,0,0,0,15,10,5
196200,215,105,110,1,0,1,13,4,9,11,7,4,6,3,3,0,0,0.0,179,89,90,1,1,0,0,0,0,4,1,3
196219,188,88,100,0,0,0,10,3,7,12,6,6,17,8,9,0,0,0.0,143,67,76,4,2,2,0,0,0,2,2,0
196228,71,28,43,0,0,0,23,11,12,1,0,1,3,1,2,0,0,0.0,42,16,26,0,0,0,0,0,0,2,0,2
196237,156,76,80,1,1,0,28,8,20,17,10,7,14,10,4,0,0,0.0,92,44,48,0,0,0,0,0,0,4,3,1
196246,224,118,106,2,2,0,14,8,6,4,2,2,10,8,2,0,0,0.0,177,90,87,3,0,3,0,0,0,14,8,6
196255,441,247,194,1,1,0,92,56,36,65,29,36,19,12,7,0,0,0.0,250,147,103,3,0,3,0,0,0,11,2,9
196264,158,54,104,1,0,1,9,6,3,11,5,6,5,2,3,0,0,0.0,125,37,88,3,0,3,0,0,0,4,4,0
196291,82,62,20,0,0,0,8,7,1,5,3,2,4,2,2,0,0,0.0,62,47,15,1,1,0,0,0,0,2,2,0
196307,646,394,252,2,1,1,115,70,45,16,7,9,20,14,6,0,0,0.0,452,276,176,0,0,0,1,1,0,40,25,15
196389,50,24,26,4,4,0,7,5,2,12,3,9,10,4,6,0,0,0.0,17,8,9,0,0,0,0,0,0,0,0,0
196413,1173,638,535,2,1,1,173,99,74,68,35,33,44,30,14,0,0,0.0,805,437,368,14,4,10,21,10,11,46,22,24
196431,24,24,0,0,0,0,0,0,0,0,0,0,0,0,0,0,0,0.0,24,24,0,0,0,0,0,0,0,0,0,0
196468,218,71,147,0,0,0,25,3,22,20,6,14,16,5,11,0,0,0.0,136,49,87,5,3,2,2,1,1,14,4,10
196565,47,16,31,0,0,0,0,0,0,2,1,1,1,0,1,0,0,0.0,44,15,29,0,0,0,0,0,0,0,0,0
196592,486,245,241,1,1,0,24,8,16,23,11,12,19,8,11,2,0,0.0,364,189,175,6,4,2,46,23,23,1,1,0
196653,27,6,21,0,0,0,1,1,0,3,0,3,0,0,0,0,0,0.0,23,5,18,0,0,0,0,0,0,0,0,0
196699,50,19,31,0,0,0,2,1,1,2,1,1,0,0,0,0,0,0.0,45,17,28,0,0,0,0,0,0,1,0,1
196866,212,120,92,0,0,0,14,8,6,3,2,1,8,4,4,0,0,0.0,167,95,72,2,0,2,0,0,0,18,11,7
196884,18,10,8,0,0,0,1,1,0,4,3,1,2,2,0,0,0,0.0,10,4,6,1,0,1,0,0,0,0,0,0
197018,110,110,0,0,0,0,0,0,0,0,0,0,0,0,0,0,0,0.0,110,110,0,0,0,0,0,0,0,0,0,0
197027,109,92,17,0,0,0,6,3,3,3,2,1,4,4,0,0,0,0.0,95,82,13,0,0,0,1,1,0,0,0,0
197036,273,187,86,0,0,0,11,4,7,8,6,2,2,1,1,0,0,0.0,228,162,66,6,2,4,13,8,5,5,4,1
197045,176,74,102,0,0,0,11,6,5,5,2,3,3,2,1,0,0,0.0,150,59,91,3,1,2,0,0,0,4,4,0
197133,300,150,150,3,1,2,25,9,16,23,10,13,27,16,11,0,0,0.0,184,96,88,6,1,5,16,9,7,16,8,8
197142,34,14,20,0,0,0,0,0,0,0,0,0,0,0,0,0,0,0.0,23,11,12,0,0,0,11,3,8,0,0,0
197151,256,150,106,2,1,1,16,9,7,3,1,2,14,10,4,1,0,0.0,213,127,86,0,0,0,7,2,5,0,0,0
197197,120,48,72,0,0,0,9,6,3,6,0,6,2,0,2,0,0,0.0,103,42,61,0,0,0,0,0,0,0,0,0
197221,10,9,1,0,0,0,0,0,0,0,0,0,0,0,0,0,0,0.0,10,9,1,0,0,0,0,0,0,0,0,0
197230,36,17,19,0,0,0,2,2,0,1,1,0,3,0,3,0,0,0.0,30,14,16,0,0,0,0,0,0,0,0,0
197285,18,9,9,0,0,0,0,0,0,6,3,3,2,2,0,0,0,0.0,8,3,5,0,0,0,2,1,1,0,0,0
197294,162,78,84,0,0,0,14,5,9,15,8,7,13,7,6,0,0,0.0,119,57,62,1,1,0,0,0,0,0,0,0
197647,11,11,0,0,0,0,0,0,0,0,0,0,0,0,0,0,0,0.0,11,11,0,0,0,0,0,0,0,0,0,0
197674,9,9,0,0,0,0,0,0,0,0,0,0,0,0,0,0,0,0.0,9,9,0,0,0,0,0,0,0,0,0,0
197708,372,231,141,1,1,0,21,12,9,7,2,5,18,11,7,1,1,0.0,323,203,120,1,1,0,0,0,0,0,0,0
197735,98,98,0,0,0,0,0,0,0,0,0,0,0,0,0,0,0,0.0,98,98,0,0,0,0,0,0,0,0,0,0
197814,76,30,46,0,0,0,1,0,1,12,3,9,1,0,1,0,0,0.0,62,27,35,0,0,0,0,0,0,0,0,0
197850,77,33,44,0,0,0,1,1,0,17,6,11,2,2,0,0,0,0.0,56,23,33,1,1,0,0,0,0,0,0,0
197869,1043,516,527,0,0,0,51,29,22,21,10,11,11,4,7,0,0,0.0,886,434,452,16,4,12,15,8,7,43,27,16
197887,171,66,105,0,0,0,1,0,1,2,0,2,2,1,1,0,0,0.0,158,61,97,1,0,1,7,4,3,0,0,0
197911,58,28,30,0,0,0,3,3,0,2,1,1,3,2,1,0,0,0.0,47,20,27,0,0,0,3,2,1,0,0,0
197966,50,17,33,1,1,0,2,1,1,0,0,0,1,0,1,0,0,0.0,44,13,31,1,1,0,0,0,0,1,1,0
197984,88,42,46,0,0,0,3,3,0,3,1,2,1,0,1,0,0,0.0,81,38,43,0,0,0,0,0,0,0,0,0
197993,13,2,11,0,0,0,0,0,0,9,1,8,0,0,0,0,0,0.0,3,1,2,1,0,1,0,0,0,0,0,0
198011,44,15,29,6,1,5,0,0,0,7,3,4,3,2,1,0,0,0.0,28,9,19,0,0,0,0,0,0,0,0,0
198039,74,32,42,0,0,0,0,0,0,1,0,1,3,1,2,0,0,0.0,63,28,35,0,0,0,7,3,4,0,0,0
198066,49,25,24,0,0,0,0,0,0,2,1,1,1,1,0,0,0,0.0,45,22,23,0,0,0,1,1,0,0,0,0
198084,44,18,26,1,0,1,0,0,0,5,1,4,1,1,0,0,0,0.0,36,15,21,0,0,0,1,1,0,0,0,0
198109,32,4,28,1,1,0,1,0,1,4,1,3,0,0,0,0,0,0.0,26,2,24,0,0,0,0,0,0,0,0,0
198118,126,54,72,0,0,0,0,0,0,1,1,0,2,1,1,0,0,0.0,123,52,71,0,0,0,0,0,0,0,0,0
198136,250,133,117,1,0,1,12,6,6,13,8,5,10,7,3,0,0,0.0,214,112,102,0,0,0,0,0,0,0,0,0
198154,254,110,144,0,0,0,2,1,1,8,3,5,5,1,4,1,0,0.0,232,100,132,4,4,0,2,1,1,0,0,0
198206,65,30,35,0,0,0,0,0,0,4,0,4,0,0,0,0,0,0.0,60,29,31,0,0,0,1,1,0,0,0,0
198215,87,38,49,0,0,0,2,1,1,2,1,1,2,0,2,0,0,0.0,78,36,42,0,0,0,3,0,3,0,0,0
198233,152,68,84,2,1,1,1,1,0,4,0,4,3,1,2,0,0,0.0,137,62,75,0,0,0,5,3,2,0,0,0
198251,164,70,94,0,0,0,2,1,1,20,6,14,4,1,3,0,0,0.0,135,61,74,0,0,0,3,1,2,0,0,0
198260,334,137,197,4,0,4,7,3,4,58,19,39,15,5,10,2,1,0.0,232,102,130,1,0,1,10,4,6,5,3,2
198303,43,24,19,0,0,0,3,3,0,5,2,3,0,0,0,0,0,0.0,32,18,14,0,0,0,3,1,2,0,0,0
198321,75,29,46,0,0,0,0,0,0,9,1,8,1,0,1,0,0,0.0,65,28,37,0,0,0,0,0,0,0,0,0
198330,122,55,67,0,0,0,6,3,3,8,3,5,5,2,3,0,0,0.0,102,46,56,1,1,0,0,0,0,0,0,0
198367,66,30,36,0,0,0,1,0,1,3,2,1,2,1,1,0,0,0.0,59,27,32,0,0,0,1,0,1,0,0,0
198376,88,44,44,0,0,0,0,0,0,4,3,1,1,1,0,1,1,0.0,80,39,41,1,0,1,1,0,1,0,0,0
198385,217,106,111,0,0,0,13,6,7,15,6,9,25,12,13,0,0,0.0,149,75,74,2,0,2,4,2,2,9,5,4
198419,4142,2376,1766,5,2,3,660,377,283,241,112,129,163,79,84,1,1,0.0,2924,1726,1198,44,17,27,8,4,4,96,58,38
198455,135,45,90,0,0,0,4,1,3,39,10,29,7,3,4,0,0,0.0,84,31,53,1,0,1,0,0,0,0,0,0
198464,1337,678,659,4,2,2,115,65,50,83,33,50,70,31,39,0,0,0.0,884,443,441,22,9,13,123,73,50,36,22,14
198491,63,18,45,1,0,1,0,0,0,12,3,9,1,0,1,0,0,0.0,49,15,34,0,0,0,0,0,0,0,0,0
198507,87,53,34,2,2,0,12,10,2,36,17,19,2,1,1,0,0,0.0,24,15,9,0,0,0,4,3,1,7,5,2
198516,480,237,243,2,1,1,32,15,17,43,13,30,16,10,6,2,0,0.0,347,177,170,4,2,2,23,12,11,11,7,4
198534,334,150,184,13,9,4,6,4,2,67,22,45,15,11,4,0,0,0.0,227,101,126,2,1,1,3,1,2,1,1,0
198543,257,134,123,2,1,1,35,23,12,105,48,57,8,3,5,2,1,0.0,91,49,42,1,0,1,2,1,1,11,8,3
198552,204,82,122,2,0,2,8,4,4,38,11,27,4,3,1,0,0,0.0,149,64,85,3,0,3,0,0,0,0,0,0
198561,147,64,83,0,0,0,3,1,2,8,3,5,4,2,2,1,1,0.0,130,57,73,1,0,1,0,0,0,0,0,0
198570,139,50,89,0,0,0,2,1,1,7,1,6,0,0,0,1,0,0.0,129,48,81,0,0,0,0,0,0,0,0,0
198598,48,21,27,1,1,0,1,1,0,4,1,3,2,2,0,1,0,0.0,39,16,23,0,0,0,0,0,0,0,0,0
198613,76,40,36,0,0,0,7,2,5,3,0,3,3,1,2,0,0,0.0,59,35,24,3,1,2,1,1,0,0,0,0
198622,270,148,122,1,1,0,3,2,1,38,15,23,2,2,0,0,0,0.0,224,128,96,1,0,1,1,0,1,0,0,0
198640,37,20,17,0,0,0,1,0,1,13,7,6,0,0,0,0,0,0.0,23,13,10,0,0,0,0,0,0,0,0,0
198668,52,23,29,0,0,0,0,0,0,1,0,1,1,0,1,0,0,0.0,50,23,27,0,0,0,0,0,0,0,0,0
198695,326,176,150,0,0,0,12,7,5,22,7,15,10,3,7,0,0,0.0,276,156,120,6,3,3,0,0,0,0,0,0
198710,57,20,37,0,0,0,0,0,0,0,0,0,0,0,0,0,0,0.0,56,20,36,1,0,1,0,0,0,0,0,0
198729,43,17,26,1,0,1,0,0,0,6,2,4,2,1,1,0,0,0.0,34,14,20,0,0,0,0,0,0,0,0,0
198756,76,33,43,0,0,0,9,5,4,41,14,27,3,2,1,0,0,0.0,23,12,11,0,0,0,0,0,0,0,0,0
198774,111,48,63,1,1,0,1,1,0,7,3,4,4,1,3,0,0,0.0,94,39,55,0,0,0,4,3,1,0,0,0
198808,62,25,37,0,0,0,0,0,0,0,0,0,2,1,1,0,0,0.0,57,22,35,0,0,0,2,2,0,1,0,1
198817,91,30,61,0,0,0,1,0,1,6,3,3,4,1,3,0,0,0.0,79,26,53,1,0,1,0,0,0,0,0,0
198835,134,57,77,0,0,0,1,0,1,10,1,9,3,0,3,0,0,0.0,116,52,64,2,2,0,0,0,0,2,2,0
198862,58,29,29,0,0,0,5,3,2,41,21,20,2,0,2,0,0,0.0,9,4,5,1,1,0,0,0,0,0,0,0
198871,13,5,8,0,0,0,1,1,0,1,0,1,0,0,0,0,0,0.0,11,4,7,0,0,0,0,0,0,0,0,0
198899,74,31,43,1,0,1,0,0,0,1,1,0,1,0,1,1,0,0.0,70,30,40,0,0,0,0,0,0,0,0,0
198905,27,13,14,0,0,0,0,0,0,5,0,5,0,0,0,0,0,0.0,22,13,9,0,0,0,0,0,0,0,0,0
198914,27,11,16,1,1,0,0,0,0,0,0,0,0,0,0,0,0,0.0,26,10,16,0,0,0,0,0,0,0,0,0
198923,40,20,20,0,0,0,0,0,0,0,0,0,0,0,0,0,0,0.0,40,20,20,0,0,0,0,0,0,0,0,0
198950,124,38,86,0,0,0,5,4,1,7,2,5,5,2,3,0,0,0.0,100,29,71,1,0,1,6,1,5,0,0,0
198969,139,70,69,1,1,0,15,14,1,10,3,7,3,2,1,0,0,0.0,107,48,59,1,0,1,2,2,0,0,0,0
198978,4,0,4,0,0,0,0,0,0,3,0,3,0,0,0,0,0,0.0,1,0,1,0,0,0,0,0,0,0,0,0
198987,81,33,48,0,0,0,0,0,0,7,1,6,1,1,0,1,0,0.0,72,31,41,0,0,0,0,0,0,0,0,0
199023,39,17,22,0,0,0,0,0,0,1,1,0,0,0,0,0,0,0.0,38,16,22,0,0,0,0,0,0,0,0,0
199032,40,28,12,0,0,0,0,0,0,3,0,3,0,0,0,0,0,0.0,37,28,9,0,0,0,0,0,0,0,0,0
199069,63,32,31,0,0,0,3,3,0,0,0,0,1,0,1,0,0,0.0,57,27,30,2,2,0,0,0,0,0,0,0
199087,103,40,63,1,1,0,0,0,0,20,6,14,2,1,1,0,0,0.0,78,32,46,1,0,1,1,0,1,0,0,0
199102,478,285,193,1,0,1,88,66,22,208,97,111,12,7,5,0,0,0.0,97,74,23,4,2,2,48,24,24,20,15,5
199111,218,103,115,0,0,0,9,2,7,8,6,2,10,3,7,1,0,0.0,160,81,79,1,1,0,12,4,8,17,6,11
199120,1892,949,943,10,6,4,157,89,68,134,43,91,118,62,56,1,0,0.0,1332,685,647,20,5,15,65,27,38,55,32,23
199139,1071,539,532,0,0,0,137,85,52,96,34,62,44,17,27,0,0,0.0,704,356,348,7,2,5,16,6,10,67,39,28
199148,829,364,465,0,0,0,76,36,40,69,22,47,40,11,29,0,0,0.0,579,264,315,9,4,5,19,8,11,37,19,18
199157,362,158,204,1,1,0,36,19,17,189,77,112,5,4,1,0,0,0.0,88,42,46,3,0,3,34,11,23,6,4,2
199184,133,84,49,0,0,0,3,2,1,8,5,3,1,1,0,0,0,0.0,113,73,40,1,0,1,6,2,4,1,1,0
199193,1841,1096,745,1,1,0,236,162,74,85,36,49,90,51,39,1,1,0.0,1254,752,502,16,7,9,69,31,38,89,55,34
199209,60,29,31,0,0,0,1,1,0,4,1,3,2,1,1,0,0,0.0,53,26,27,0,0,0,0,0,0,0,0,0
199218,754,349,405,5,2,3,29,16,13,32,11,21,36,16,20,0,0,0.0,543,248,295,13,6,7,14,7,7,82,43,39
199263,26,16,10,0,0,0,0,0,0,10,9,1,0,0,0,0,0,0.0,16,7,9,0,0,0,0,0,0,0,0,0
199272,35,12,23,0,0,0,1,0,1,0,0,0,0,0,0,0,0,0.0,33,11,22,0,0,0,1,1,0,0,0,0
199281,312,139,173,19,3,16,26,13,13,25,12,13,16,5,11,0,0,0.0,216,101,115,4,1,3,1,0,1,5,4,1
199306,68,28,40,0,0,0,1,1,0,7,2,5,2,0,2,0,0,0.0,56,25,31,2,0,2,0,0,0,0,0,0
199324,53,25,28,0,0,0,0,0,0,12,7,5,2,0,2,0,0,0.0,38,18,20,1,0,1,0,0,0,0,0,0
199333,188,71,117,0,0,0,0,0,0,24,4,20,3,1,2,0,0,0.0,159,65,94,0,0,0,2,1,1,0,0,0
199412,124,45,79,1,0,1,4,0,4,10,1,9,4,2,2,0,0,0.0,102,42,60,0,0,0,2,0,2,1,0,1
199421,83,40,43,1,1,0,3,2,1,3,2,1,2,1,1,0,0,0.0,65,31,34,0,0,0,9,3,6,0,0,0
199449,96,45,51,9,5,4,1,1,0,10,5,5,0,0,0,0,0,0.0,75,34,41,1,0,1,0,0,0,0,0,0
199458,14,11,3,0,0,0,0,0,0,0,0,0,1,1,0,0,0,0.0,12,9,3,1,1,0,0,0,0,0,0,0
199467,21,11,10,0,0,0,0,0,0,10,4,6,0,0,0,0,0,0.0,11,7,4,0,0,0,0,0,0,0,0,0
199476,73,29,44,24,9,15,0,0,0,7,2,5,1,1,0,0,0,0.0,41,17,24,0,0,0,0,0,0,0,0,0
199485,52,21,31,0,0,0,0,0,0,4,1,3,0,0,0,0,0,0.0,48,20,28,0,0,0,0,0,0,0,0,0
199494,168,57,111,1,0,1,3,2,1,13,5,8,2,0,2,0,0,0.0,147,50,97,1,0,1,0,0,0,1,0,1
199582,67,38,29,0,0,0,2,0,2,51,30,21,0,0,0,0,0,0.0,14,8,6,0,0,0,0,0,0,0,0,0
199607,34,7,27,0,0,0,1,0,1,2,1,1,2,0,2,0,0,0.0,29,6,23,0,0,0,0,0,0,0,0,0
199625,64,18,46,4,1,3,0,0,0,10,1,9,3,0,3,0,0,0.0,47,16,31,0,0,0,0,0,0,0,0,0
199634,120,39,81,3,1,2,1,0,1,14,3,11,4,2,2,0,0,0.0,97,33,64,0,0,0,1,0,1,0,0,0
199643,61,32,29,1,1,0,1,1,0,39,15,24,1,1,0,1,1,0.0,17,13,4,0,0,0,1,0,1,0,0,0
199698,43,13,30,0,0,0,0,0,0,2,0,2,0,0,0,0,0,0.0,41,13,28,0,0,0,0,0,0,0,0,0
199722,49,20,29,1,0,1,0,0,0,4,1,3,0,0,0,0,0,0.0,44,19,25,0,0,0,0,0,0,0,0,0
199731,79,32,47,3,0,3,0,0,0,1,1,0,1,0,1,0,0,0.0,74,31,43,0,0,0,0,0,0,0,0,0
199740,75,34,41,0,0,0,0,0,0,3,2,1,1,0,1,0,0,0.0,71,32,39,0,0,0,0,0,0,0,0,0
199759,50,44,6,0,0,0,0,0,0,2,2,0,1,1,0,0,0,0.0,47,41,6,0,0,0,0,0,0,0,0,0
199768,88,30,58,0,0,0,0,0,0,3,1,2,1,1,0,0,0,0.0,83,27,56,0,0,0,1,1,0,0,0,0
199786,108,42,66,0,0,0,1,1,0,7,2,5,2,0,2,0,0,0.0,96,38,58,1,1,0,1,0,1,0,0,0
199795,41,16,25,1,1,0,0,0,0,0,0,0,1,1,0,0,0,0.0,39,14,25,0,0,0,0,0,0,0,0,0
199838,83,36,47,1,0,1,2,2,0,26,14,12,1,0,1,1,0,0.0,52,20,32,0,0,0,0,0,0,0,0,0
199847,2312,1323,989,7,5,2,288,176,112,111,47,64,92,46,46,3,3,0.0,1678,972,706,14,6,8,72,42,30,47,26,21
199856,621,242,379,0,0,0,21,12,9,61,22,39,17,10,7,2,1,0.0,495,184,311,1,0,1,24,13,11,0,0,0
199865,75,30,45,1,0,1,4,0,4,1,0,1,4,2,2,1,1,0.0,59,24,35,1,1,0,4,2,2,0,0,0
199883,14,3,11,0,0,0,0,0,0,3,1,2,0,0,0,0,0,0.0,11,2,9,0,0,0,0,0,0,0,0,0
199892,112,47,65,0,0,0,1,1,0,3,1,2,5,0,5,0,0,0.0,103,45,58,0,0,0,0,0,0,0,0,0
199908,60,26,34,0,0,0,1,0,1,1,0,1,1,0,1,0,0,0.0,57,26,31,0,0,0,0,0,0,0,0,0
199926,95,43,52,0,0,0,0,0,0,2,0,2,0,0,0,0,0,0.0,93,43,50,0,0,0,0,0,0,0,0,0
199953,46,19,27,0,0,0,0,0,0,8,4,4,0,0,0,0,0,0.0,38,15,23,0,0,0,0,0,0,0,0,0
199962,179,68,111,0,0,0,5,2,3,14,3,11,2,1,1,1,0,0.0,157,62,95,0,0,0,0,0,0,0,0,0
199999,241,108,133,0,0,0,27,13,14,126,49,77,4,3,1,0,0,0.0,79,40,39,1,0,1,0,0,0,4,3,1
200004,549,274,275,2,2,0,26,15,11,14,8,6,15,9,6,0,0,0.0,463,220,243,6,2,4,6,4,2,17,14,3
200013,15,1,14,0,0,0,0,0,0,0,0,0,0,0,0,0,0,0.0,15,1,14,0,0,0,0,0,0,0,0,0
200022,109,56,53,2,2,0,1,0,1,0,0,0,0,0,0,1,0,0.0,100,53,47,2,0,2,3,1,2,0,0,0
200059,62,32,30,0,0,0,2,1,1,1,1,0,0,0,0,0,0,0.0,55,29,26,3,0,3,1,1,0,0,0,0
200086,26,10,16,13,4,9,2,2,0,3,0,3,0,0,0,0,0,0.0,8,4,4,0,0,0,0,0,0,0,0,0
200156,82,39,43,0,0,0,0,0,0,0,0,0,0,0,0,0,0,0.0,77,35,42,0,0,0,5,4,1,0,0,0
200192,36,12,24,0,0,0,0,0,0,0,0,0,0,0,0,0,0,0.0,36,12,24,0,0,0,0,0,0,0,0,0
200208,19,11,8,2,1,1,0,0,0,2,2,0,0,0,0,0,0,0.0,15,8,7,0,0,0,0,0,0,0,0,0
200217,162,77,85,0,0,0,0,0,0,0,0,0,3,1,2,1,1,0.0,143,64,79,1,0,1,8,5,3,6,6,0
200226,44,21,23,0,0,0,1,1,0,1,1,0,0,0,0,0,0,0.0,42,19,23,0,0,0,0,0,0,0,0,0
200253,148,59,89,0,0,0,7,4,3,2,2,0,3,2,1,0,0,0.0,124,46,78,4,2,2,8,3,5,0,0,0
200280,703,395,308,14,5,9,28,14,14,10,7,3,3,2,1,0,0,0.0,481,261,220,12,4,8,10,6,4,145,96,49
200305,104,56,48,1,1,0,1,0,1,1,0,1,1,0,1,0,0,0.0,98,54,44,1,0,1,0,0,0,1,1,0
200314,31,9,22,2,1,1,0,0,0,0,0,0,2,0,2,0,0,0.0,27,8,19,0,0,0,0,0,0,0,0,0
200332,533,297,236,1,0,1,76,54,22,7,7,0,7,5,2,0,0,0.0,394,196,198,2,2,0,13,9,4,33,24,9
200341,32,15,17,0,0,0,0,0,0,0,0,0,0,0,0,0,0,0.0,30,13,17,0,0,0,0,0,0,2,2,0
200466,27,16,11,6,1,5,0,0,0,2,2,0,0,0,0,0,0,0.0,19,13,6,0,0,0,0,0,0,0,0,0
200484,13,10,3,0,0,0,0,0,0,0,0,0,1,1,0,0,0,0.0,12,9,3,0,0,0,0,0,0,0,0,0
200527,43,23,20,29,15,14,0,0,0,1,1,0,1,1,0,0,0,0.0,11,5,6,0,0,0,0,0,0,1,1,0
200554,33,22,11,5,2,3,0,0,0,2,1,1,1,1,0,0,0,0.0,19,12,7,0,0,0,6,6,0,0,0,0
200572,73,34,39,0,0,0,3,2,1,2,2,0,1,1,0,0,0,0.0,63,27,36,1,1,0,3,1,2,0,0,0
200590,14,3,11,0,0,0,0,0,0,0,0,0,0,0,0,0,0,0.0,14,3,11,0,0,0,0,0,0,0,0,0
200785,5,0,5,0,0,0,0,0,0,0,0,0,0,0,0,0,0,0.0,5,0,5,0,0,0,0,0,0,0,0,0
200800,476,286,190,2,1,1,85,54,31,19,13,6,11,6,5,0,0,0.0,334,194,140,0,0,0,11,9,2,14,9,5
200873,4,3,1,0,0,0,0,0,0,0,0,0,0,0,0,0,0,0.0,4,3,1,0,0,0,0,0,0,0,0,0
201061,11,7,4,0,0,0,1,0,1,2,1,1,0,0,0,0,0,0.0,8,6,2,0,0,0,0,0,0,0,0,0
201104,160,90,70,0,0,0,2,1,1,9,2,7,2,1,1,0,0,0.0,138,80,58,0,0,0,0,0,0,9,6,3
201140,10,8,2,0,0,0,0,0,0,0,0,0,0,0,0,0,0,0.0,10,8,2,0,0,0,0,0,0,0,0,0
201177,10,2,8,0,0,0,1,0,1,1,1,0,0,0,0,0,0,0.0,8,1,7,0,0,0,0,0,0,0,0,0
201195,226,105,121,0,0,0,16,7,9,10,6,4,7,4,3,1,0,0.0,191,88,103,0,0,0,0,0,0,1,0,1
201283,28,9,19,0,0,0,0,0,0,0,0,0,0,0,0,0,0,0.0,28,9,19,0,0,0,0,0,0,0,0,0
201371,48,25,23,0,0,0,0,0,0,0,0,0,0,0,0,0,0,0.0,43,24,19,0,0,0,5,1,4,0,0,0
201432,46,18,28,0,0,0,2,1,1,0,0,0,1,1,0,0,0,0.0,37,14,23,1,0,1,3,1,2,2,1,1
201441,734,354,380,0,0,0,73,39,34,23,9,14,26,16,10,0,0,0.0,540,257,283,3,1,2,55,23,32,14,9,5
201469,32,9,23,0,0,0,2,1,1,4,1,3,0,0,0,0,0,0.0,26,7,19,0,0,0,0,0,0,0,0,0
201548,154,71,83,1,0,1,4,2,2,6,2,4,3,0,3,0,0,0.0,140,67,73,0,0,0,0,0,0,0,0,0
201645,1196,699,497,4,3,1,200,134,66,47,24,23,34,25,9,0,0,0.0,880,493,387,4,2,2,1,1,0,26,17,9
201654,238,149,89,0,0,0,13,6,7,7,5,2,3,2,1,1,1,0.0,214,135,79,0,0,0,0,0,0,0,0,0
201672,54,18,36,0,0,0,3,3,0,2,0,2,0,0,0,0,0,0.0,49,15,34,0,0,0,0,0,0,0,0,0
201690,114,70,44,1,1,0,23,17,6,32,19,13,4,2,2,0,0,0.0,45,27,18,3,2,1,5,2,3,1,0,1
201751,2,0,2,0,0,0,0,0,0,0,0,0,0,0,0,0,0,0.0,1,0,1,0,0,0,1,0,1,0,0,0
201821,40,6,34,0,0,0,1,0,1,3,0,3,1,1,0,0,0,0.0,35,5,30,0,0,0,0,0,0,0,0,0
201885,2287,1268,1019,2,2,0,342,209,133,110,56,54,76,41,35,1,0,0.0,1618,877,741,23,9,14,30,17,13,85,57,28
201928,166,67,99,1,1,0,3,0,3,21,5,16,0,0,0,0,0,0.0,141,61,80,0,0,0,0,0,0,0,0,0
201946,78,29,49,0,0,0,8,3,5,3,3,0,3,1,2,0,0,0.0,62,21,41,0,0,0,2,1,1,0,0,0
201955,172,67,105,2,1,1,10,6,4,7,4,3,8,3,5,0,0,0.0,138,51,87,3,2,1,3,0,3,1,0,1
201964,53,30,23,0,0,0,0,0,0,1,1,0,2,2,0,0,0,0.0,31,13,18,1,0,1,18,14,4,0,0,0
201973,88,25,63,0,0,0,2,2,0,6,1,5,1,1,0,0,0,0.0,78,21,57,1,0,1,0,0,0,0,0,0
202046,52,34,18,0,0,0,2,0,2,2,2,0,1,1,0,0,0,0.0,47,31,16,0,0,0,0,0,0,0,0,0
202073,36,18,18,0,0,0,3,2,1,0,0,0,2,2,0,1,1,0.0,30,13,17,0,0,0,0,0,0,0,0,0
202134,563,293,270,0,0,0,85,61,24,42,14,28,22,11,11,0,0,0.0,383,188,195,5,0,5,1,1,0,25,18,7
202170,56,29,27,0,0,0,3,2,1,5,4,1,0,0,0,0,0,0.0,48,23,25,0,0,0,0,0,0,0,0,0
202222,351,165,186,0,0,0,12,7,5,30,14,16,6,1,5,1,0,0.0,300,141,159,0,0,0,2,2,0,0,0,0
202356,403,163,240,0,0,0,10,2,8,60,21,39,7,3,4,0,0,0.0,303,128,175,4,1,3,6,3,3,13,5,8
202480,687,392,295,1,1,0,85,54,31,33,19,14,26,19,7,1,0,0.0,498,269,229,9,2,7,4,3,1,30,25,5
202514,38,22,16,0,0,0,2,2,0,1,1,0,0,0,0,0,0,0.0,33,17,16,0,0,0,0,0,0,2,2,0
202523,245,128,117,0,0,0,19,10,9,10,5,5,21,9,12,1,1,0.0,176,95,81,1,0,1,3,1,2,14,7,7
202648,47,19,28,0,0,0,0,0,0,1,0,1,1,1,0,0,0,0.0,41,16,25,0,0,0,4,2,2,0,0,0
202763,215,110,105,0,0,0,17,10,7,4,4,0,3,2,1,0,0,0.0,177,86,91,5,4,1,9,4,5,0,0,0
202806,62,29,33,0,0,0,8,4,4,7,2,5,1,1,0,0,0,0.0,45,22,23,1,0,1,0,0,0,0,0,0
202903,19,13,6,0,0,0,0,0,0,0,0,0,0,0,0,0,0,0.0,19,13,6,0,0,0,0,0,0,0,0,0
202912,27,4,23,0,0,0,1,1,0,0,0,0,0,0,0,0,0,0.0,26,3,23,0,0,0,0,0,0,0,0,0
203067,32,14,18,0,0,0,0,0,0,0,0,0,2,1,1,0,0,0.0,29,12,17,1,1,0,0,0,0,0,0,0
203085,54,24,30,0,0,0,5,2,3,1,0,1,1,1,0,0,0,0.0,41,19,22,2,0,2,4,2,2,0,0,0
203128,66,32,34,0,0,0,4,1,3,0,0,0,3,1,2,0,0,0.0,52,24,28,6,5,1,1,1,0,0,0,0
203155,74,41,33,0,0,0,0,0,0,2,2,0,1,0,1,0,0,0.0,66,35,31,0,0,0,5,4,1,0,0,0
203331,91,40,51,0,0,0,2,1,1,5,2,3,1,0,1,0,0,0.0,66,30,36,1,0,1,16,7,9,0,0,0
203368,139,78,61,0,0,0,12,7,5,5,4,1,8,4,4,0,0,0.0,103,56,47,0,0,0,4,2,2,7,5,2
203386,117,20,97,0,0,0,5,0,5,13,2,11,2,0,2,0,0,0.0,92,17,75,1,0,1,4,1,3,0,0,0
203447,40,12,28,0,0,0,0,0,0,0,0,0,0,0,0,0,0,0.0,37,11,26,2,0,2,0,0,0,1,1,0
203456,16,8,8,0,0,0,1,0,1,1,0,1,1,0,1,0,0,0.0,11,6,5,0,0,0,0,0,0,2,2,0
203465,93,43,50,0,0,0,3,2,1,1,1,0,3,1,2,0,0,0.0,71,31,40,0,0,0,1,1,0,14,7,7
203474,44,18,26,0,0,0,4,2,2,1,1,0,1,0,1,0,0,0.0,34,13,21,1,1,0,0,0,0,3,1,2
203483,46,22,24,0,0,0,2,0,2,1,1,0,0,0,0,0,0,0.0,33,15,18,2,0,2,1,1,0,7,5,2
203492,32,11,21,0,0,0,1,0,1,1,0,1,0,0,0,0,0,0.0,26,8,18,0,0,0,0,0,0,4,3,1
203517,949,429,520,0,0,0,56,29,27,35,12,23,26,14,12,0,0,0.0,664,287,377,15,4,11,22,12,10,131,71,60
203526,38,8,30,0,0,0,3,0,3,1,0,1,0,0,0,0,0,0.0,30,6,24,1,1,0,0,0,0,3,1,2
203535,218,103,115,0,0,0,13,8,5,11,6,5,13,7,6,0,0,0.0,119,64,55,1,0,1,49,14,35,12,4,8
203544,69,16,53,1,0,1,2,0,2,7,1,6,2,1,1,0,0,0.0,52,12,40,3,1,2,0,0,0,2,1,1
203580,57,25,32,0,0,0,1,0,1,1,1,0,0,0,0,0,0,0.0,51,21,30,0,0,0,3,2,1,1,1,0
203599,124,57,67,1,1,0,4,2,2,2,1,1,1,1,0,0,0,0.0,114,52,62,0,0,0,2,0,2,0,0,0
203678,59,18,41,0,0,0,2,2,0,1,0,1,0,0,0,0,0,0.0,55,15,40,0,0,0,1,1,0,0,0,0
203720,8,7,1,0,0,0,0,0,0,0,0,0,0,0,0,0,0,0.0,8,7,1,0,0,0,0,0,0,0,0,0
203748,133,61,72,0,0,0,7,5,2,7,5,2,5,2,3,0,0,0.0,111,49,62,0,0,0,0,0,0,3,0,3
203757,67,15,52,0,0,0,0,0,0,1,0,1,1,0,1,0,0,0.0,5,0,5,0,0,0,60,15,45,0,0,0
203775,45,21,24,0,0,0,1,1,0,1,1,0,1,1,0,0,0,0.0,40,18,22,2,0,2,0,0,0,0,0,0
203845,113,63,50,0,0,0,5,2,3,1,1,0,3,3,0,0,0,0.0,97,55,42,1,0,1,6,2,4,0,0,0
203881,49,16,33,0,0,0,3,2,1,1,0,1,0,0,0,0,0,0.0,45,14,31,0,0,0,0,0,0,0,0,0
203960,62,9,53,0,0,0,3,1,2,2,0,2,0,0,0,0,0,0.0,57,8,49,0,0,0,0,0,0,0,0,0
203997,11,7,4,0,0,0,2,2,0,3,2,1,1,0,1,0,0,0.0,5,3,2,0,0,0,0,0,0,0,0,0
204006,104,41,63,0,0,0,8,2,6,4,2,2,2,0,2,0,0,0.0,88,36,52,0,0,0,0,0,0,2,1,1
204015,43,27,16,0,0,0,6,3,3,1,0,1,1,1,0,0,0,0.0,31,21,10,0,0,0,1,0,1,3,2,1
204024,885,505,380,2,1,1,102,62,40,34,17,17,43,23,20,0,0,0.0,654,372,282,11,6,5,12,9,3,27,15,12
204176,51,2,49,1,0,1,0,0,0,2,0,2,0,0,0,0,0,0.0,47,2,45,0,0,0,1,0,1,0,0,0
204185,126,58,68,0,0,0,5,3,2,5,2,3,0,0,0,1,0,0.0,113,52,61,0,0,0,2,1,1,0,0,0
204194,63,37,26,0,0,0,7,4,3,2,1,1,1,1,0,0,0,0.0,52,31,21,1,0,1,0,0,0,0,0,0
204200,116,40,76,0,0,0,6,1,5,3,1,2,2,1,1,0,0,0.0,104,37,67,1,0,1,0,0,0,0,0,0
204255,39,18,21,0,0,0,0,0,0,1,0,1,0,0,0,0,0,0.0,37,17,20,0,0,0,1,1,0,0,0,0
204264,92,46,46,0,0,0,9,7,2,1,0,1,1,1,0,1,1,0.0,80,37,43,0,0,0,0,0,0,0,0,0
204422,39,14,25,0,0,0,1,1,0,2,1,1,1,0,1,2,1,0.0,33,11,22,0,0,0,0,0,0,0,0,0
204440,42,17,25,0,0,0,1,0,1,0,0,0,0,0,0,0,0,0.0,36,14,22,0,0,0,5,3,2,0,0,0
204468,58,24,34,0,0,0,1,1,0,4,1,3,0,0,0,0,0,0.0,52,21,31,1,1,0,0,0,0,0,0,0
204477,78,51,27,0,0,0,10,6,4,1,1,0,0,0,0,0,0,0.0,54,35,19,0,0,0,5,3,2,8,6,2
204486,85,69,16,0,0,0,1,1,0,0,0,0,0,0,0,0,0,0.0,84,68,16,0,0,0,0,0,0,0,0,0
204501,278,145,133,0,0,0,19,10,9,17,8,9,11,4,7,0,0,0.0,192,104,88,3,0,3,4,2,2,32,17,15
204608,27,26,1,0,0,0,0,0,0,2,1,1,0,0,0,0,0,0.0,25,25,0,0,0,0,0,0,0,0,0,0
204617,56,34,22,0,0,0,1,0,1,3,2,1,0,0,0,0,0,0.0,50,31,19,0,0,0,2,1,1,0,0,0
204635,209,126,83,0,0,0,18,12,6,6,5,1,4,4,0,0,0,0.0,172,99,73,2,2,0,0,0,0,7,4,3
204662,25,17,8,0,0,0,2,1,1,0,0,0,1,0,1,0,0,0.0,21,16,5,1,0,1,0,0,0,0,0,0
204671,24,13,11,0,0,0,2,0,2,0,0,0,1,1,0,0,0,0.0,20,12,8,0,0,0,1,0,1,0,0,0
204680,31,17,14,0,0,0,0,0,0,1,1,0,1,1,0,0,0,0.0,27,13,14,0,0,0,1,1,0,1,1,0
204699,37,17,20,0,0,0,1,0,1,0,0,0,1,0,1,0,0,0.0,33,15,18,0,0,0,1,1,0,1,1,0
204705,45,27,18,1,1,0,2,2,0,3,1,2,5,3,2,0,0,0.0,31,18,13,0,0,0,3,2,1,0,0,0
204796,4854,2579,2275,4,2,2,814,457,357,217,102,115,211,113,98,4,3,0.0,3156,1650,1506,51,20,31,260,143,117,137,89,48
204802,18,9,9,0,0,0,0,0,0,1,1,0,0,0,0,0,0,0.0,16,8,8,0,0,0,1,0,1,0,0,0
204820,36,14,22,0,0,0,0,0,0,1,1,0,1,0,1,0,0,0.0,32,13,19,1,0,1,1,0,1,0,0,0
204839,27,6,21,0,0,0,1,0,1,0,0,0,0,0,0,0,0,0.0,24,5,19,0,0,0,1,1,0,1,0,1
204848,27,14,13,0,0,0,0,0,0,2,1,1,1,0,1,0,0,0.0,24,13,11,0,0,0,0,0,0,0,0,0
204857,889,496,393,1,0,1,94,57,37,33,18,15,42,24,18,0,0,0.0,650,356,294,12,7,5,37,19,18,20,15,5
204866,30,11,19,0,0,0,4,3,1,2,2,0,0,0,0,0,0,0.0,23,6,17,0,0,0,1,0,1,0,0,0
204884,6,0,6,0,0,0,0,0,0,0,0,0,0,0,0,0,0,0.0,6,0,6,0,0,0,0,0,0,0,0,0
204909,96,52,44,0,0,0,7,6,1,6,4,2,3,1,2,0,0,0.0,80,41,39,0,0,0,0,0,0,0,0,0
204936,133,64,69,0,0,0,4,4,0,5,2,3,1,1,0,1,0,0.0,110,50,60,0,0,0,6,4,2,6,3,3
204945,97,47,50,0,0,0,0,0,0,1,0,1,0,0,0,1,0,0.0,91,44,47,0,0,0,0,0,0,4,3,1
204990,4,3,1,0,0,0,0,0,0,3,2,1,0,0,0,0,0,0.0,1,1,0,0,0,0,0,0,0,0,0,0
205027,15,13,2,0,0,0,0,0,0,0,0,0,0,0,0,0,0,0.0,15,13,2,0,0,0,0,0,0,0,0,0
205054,14,0,14,0,0,0,0,0,0,0,0,0,0,0,0,0,0,0.0,14,0,14,0,0,0,0,0,0,0,0,0
205179,29,5,24,0,0,0,0,0,0,1,0,1,1,0,1,0,0,0.0,25,4,21,0,0,0,2,1,1,0,0,0
205203,56,28,28,0,0,0,1,0,1,3,1,2,0,0,0,0,0,0.0,51,27,24,1,0,1,0,0,0,0,0,0
205391,12,5,7,0,0,0,0,0,0,0,0,0,0,0,0,0,0,0.0,12,5,7,0,0,0,0,0,0,0,0,0
205443,126,65,61,0,0,0,5,3,2,1,1,0,2,1,1,0,0,0.0,118,60,58,0,0,0,0,0,0,0,0,0
205470,312,126,186,0,0,0,8,5,3,34,11,23,6,2,4,2,1,0.0,255,106,149,4,1,3,1,0,1,2,0,2
205841,166,71,95,0,0,0,0,0,0,4,1,3,1,0,1,0,0,0.0,156,68,88,2,1,1,1,1,0,2,0,2
205887,12,2,10,0,0,0,0,0,0,1,1,0,0,0,0,0,0,0.0,11,1,10,0,0,0,0,0,0,0,0,0
205957,135,101,34,0,0,0,3,2,1,1,1,0,2,1,1,0,0,0.0,121,91,30,2,1,1,1,1,0,5,4,1
205966,42,28,14,0,0,0,0,0,0,0,0,0,1,0,1,0,0,0.0,41,28,13,0,0,0,0,0,0,0,0,0
206011,35,18,17,0,0,0,0,0,0,1,0,1,1,0,1,0,0,0.0,31,18,13,1,0,1,1,0,1,0,0,0
206048,66,41,25,0,0,0,3,1,2,0,0,0,2,1,1,0,0,0.0,59,39,20,1,0,1,0,0,0,1,0,1
206084,638,346,292,5,4,1,85,57,28,28,14,14,18,15,3,1,0,0.0,471,239,232,2,1,1,3,1,2,25,15,10
206279,14,6,8,0,0,0,0,0,0,4,2,2,0,0,0,0,0,0.0,7,3,4,1,0,1,2,1,1,0,0,0
206288,12,7,5,0,0,0,2,2,0,1,0,1,2,1,1,0,0,0.0,7,4,3,0,0,0,0,0,0,0,0,0
206349,60,16,44,0,0,0,1,0,1,3,2,1,0,0,0,0,0,0.0,55,14,41,1,0,1,0,0,0,0,0,0
206437,89,34,55,0,0,0,3,2,1,2,1,1,1,1,0,0,0,0.0,81,30,51,2,0,2,0,0,0,0,0,0
206446,45,14,31,0,0,0,0,0,0,0,0,0,2,1,1,0,0,0.0,43,13,30,0,0,0,0,0,0,0,0,0
206491,18,13,5,0,0,0,1,1,0,14,10,4,0,0,0,0,0,0.0,3,2,1,0,0,0,0,0,0,0,0,0
206507,56,28,28,1,1,0,0,0,0,0,0,0,3,1,2,0,0,0.0,50,25,25,2,1,1,0,0,0,0,0,0
206525,97,45,52,0,0,0,5,3,2,5,4,1,2,0,2,1,1,0.0,82,35,47,1,1,0,1,1,0,0,0,0
206589,177,85,92,0,0,0,19,8,11,6,3,3,13,9,4,0,0,0.0,131,61,70,2,1,1,1,1,0,5,2,3
206604,516,275,241,1,1,0,51,32,19,23,10,13,8,3,5,1,0,0.0,364,177,187,4,3,1,8,6,2,56,43,13
206622,405,174,231,1,1,0,32,17,15,28,14,14,14,6,8,0,0,0.0,310,126,184,3,0,3,8,5,3,9,5,4
206695,348,189,159,0,0,0,35,20,15,15,9,6,5,3,2,0,0,0.0,265,140,125,1,0,1,3,2,1,24,15,9
206817,14,6,8,6,2,4,2,1,1,2,2,0,0,0,0,0,0,0.0,4,1,3,0,0,0,0,0,0,0,0,0
206835,31,17,14,0,0,0,0,0,0,1,1,0,2,0,2,0,0,0.0,28,16,12,0,0,0,0,0,0,0,0,0
206862,75,38,37,1,1,0,2,1,1,4,3,1,3,2,1,0,0,0.0,61,31,30,4,0,4,0,0,0,0,0,0
206914,113,67,46,2,1,1,16,9,7,4,2,2,3,3,0,0,0,0.0,86,50,36,2,2,0,0,0,0,0,0,0
206923,42,14,28,4,1,3,1,1,0,0,0,0,1,0,1,0,0,0.0,36,12,24,0,0,0,0,0,0,0,0,0
206932,27,4,23,2,0,2,0,0,0,6,1,5,1,0,1,0,0,0.0,18,3,15,0,0,0,0,0,0,0,0,0
206941,498,229,269,13,5,8,44,29,15,12,7,5,21,10,11,1,0,0.0,379,165,214,9,2,7,8,3,5,11,8,3
206996,32,11,21,5,2,3,0,0,0,0,0,0,2,1,1,0,0,0.0,24,7,17,1,1,0,0,0,0,0,0,0
207041,135,68,67,5,3,2,3,2,1,3,2,1,12,7,5,0,0,0.0,84,40,44,5,1,4,23,13,10,0,0,0
207050,35,14,21,5,0,5,0,0,0,0,0,0,0,0,0,0,0,0.0,27,12,15,0,0,0,3,2,1,0,0,0
207069,30,12,18,1,0,1,1,1,0,4,1,3,1,1,0,0,0,0.0,22,9,13,1,0,1,0,0,0,0,0,0
207157,14,11,3,1,1,0,0,0,0,1,1,0,0,0,0,0,0,0.0,12,9,3,0,0,0,0,0,0,0,0,0
207209,95,55,40,0,0,0,8,4,4,49,29,20,4,3,1,1,1,0.0,26,13,13,2,1,1,0,0,0,5,4,1
207236,52,26,26,1,1,0,0,0,0,1,0,1,1,1,0,0,0,0.0,47,23,24,2,1,1,0,0,0,0,0,0
207254,83,77,6,3,3,0,3,3,0,4,4,0,9,8,1,0,0,0.0,60,55,5,4,4,0,0,0,0,0,0,0
207263,272,126,146,19,6,13,10,4,6,3,2,1,6,2,4,0,0,0.0,201,95,106,20,8,12,0,0,0,13,9,4
207281,90,37,53,2,1,1,1,1,0,3,1,2,1,0,1,0,0,0.0,83,34,49,0,0,0,0,0,0,0,0,0
207290,47,15,32,7,1,6,1,0,1,0,0,0,1,0,1,0,0,0.0,37,13,24,1,1,0,0,0,0,0,0,0
207306,79,35,44,2,2,0,3,2,1,3,1,2,2,0,2,0,0,0.0,67,30,37,0,0,0,2,0,2,0,0,0
207315,205,110,95,15,8,7,17,11,6,6,3,3,9,5,4,0,0,0.0,140,78,62,10,1,9,4,1,3,4,3,1
207324,92,59,33,2,1,1,1,1,0,2,0,2,1,0,1,0,0,0.0,80,53,27,3,3,0,3,1,2,0,0,0
207342,830,379,451,12,2,10,64,37,27,27,9,18,13,8,5,0,0,0.0,516,197,319,16,8,8,5,4,1,177,114,63
207351,45,21,24,1,0,1,1,0,1,0,0,0,4,2,2,0,0,0.0,37,17,20,2,2,0,0,0,0,0,0,0
207388,1303,760,543,22,9,13,157,117,40,36,20,16,51,29,22,2,0,0.0,859,483,376,33,12,21,5,2,3,138,88,50
207397,77,28,49,3,0,3,1,1,0,4,1,3,2,1,1,1,0,0.0,63,24,39,3,1,2,0,0,0,0,0,0
207403,86,52,34,2,1,1,2,1,1,5,2,3,3,2,1,0,0,0.0,67,39,28,1,1,0,6,6,0,0,0,0
207449,126,62,64,2,1,1,9,6,3,3,1,2,5,5,0,1,0,0.0,98,46,52,8,3,5,0,0,0,0,0,0
207458,188,94,94,3,1,2,3,2,1,4,1,3,7,5,2,0,0,0.0,149,71,78,8,6,2,3,3,0,11,5,6
207500,1409,810,599,36,22,14,162,111,51,43,22,21,53,31,22,0,0,0.0,918,516,402,24,10,14,71,40,31,102,58,44
207564,83,55,28,6,2,4,0,0,0,2,1,1,2,1,1,0,0,0.0,71,49,22,2,2,0,0,0,0,0,0,0
207582,154,82,72,1,1,0,2,1,1,9,4,5,1,1,0,0,0,0.0,115,65,50,3,1,2,6,1,5,17,8,9
207661,94,52,42,13,4,9,5,3,2,2,1,1,1,0,1,0,0,0.0,66,38,28,1,1,0,4,3,1,2,2,0
207670,126,49,77,8,3,5,6,3,3,7,3,4,3,0,3,0,0,0.0,102,40,62,0,0,0,0,0,0,0,0,0
207722,50,27,23,1,1,0,1,1,0,2,1,1,0,0,0,0,0,0.0,45,23,22,0,0,0,0,0,0,1,1,0
207740,40,14,26,3,0,3,0,0,0,2,2,0,3,1,2,0,0,0.0,29,11,18,2,0,2,0,0,0,1,0,1
207847,135,66,69,4,0,4,7,5,2,3,1,2,2,2,0,0,0,0.0,106,53,53,7,3,4,0,0,0,6,2,4
207856,24,12,12,1,1,0,0,0,0,0,0,0,0,0,0,0,0,0.0,21,11,10,2,0,2,0,0,0,0,0,0
207865,196,86,110,2,1,1,14,4,10,2,0,2,5,2,3,1,0,0.0,165,76,89,2,0,2,1,0,1,4,3,1
207935,278,100,178,10,4,6,3,1,2,21,9,12,10,4,6,2,0,0.0,213,75,138,19,7,12,0,0,0,0,0,0
207962,15,15,0,1,1,0,0,0,0,2,2,0,1,1,0,0,0,0.0,11,11,0,0,0,0,0,0,0,0,0,0
207971,296,186,110,10,6,4,32,24,8,8,4,4,10,5,5,1,1,0.0,217,136,81,6,2,4,5,4,1,7,4,3
208035,26,4,22,0,0,0,0,0,0,1,0,1,5,0,5,0,0,0.0,20,4,16,0,0,0,0,0,0,0,0,0
208275,40,17,23,0,0,0,1,1,0,0,0,0,0,0,0,0,0,0.0,27,10,17,1,0,1,11,6,5,0,0,0
208318,118,53,65,0,0,0,4,2,2,1,0,1,7,3,4,0,0,0.0,98,44,54,3,1,2,5,3,2,0,0,0
208390,177,87,90,0,0,0,3,1,2,2,0,2,11,6,5,0,0,0.0,129,63,66,6,4,2,24,11,13,2,2,0
208406,124,62,62,1,0,1,5,3,2,1,1,0,0,0,0,0,0,0.0,112,55,57,5,3,2,0,0,0,0,0,0
208415,27,13,14,0,0,0,0,0,0,0,0,0,2,1,1,0,0,0.0,25,12,13,0,0,0,0,0,0,0,0,0
208479,15,2,13,0,0,0,1,1,0,1,0,1,0,0,0,0,0,0.0,13,1,12,0,0,0,0,0,0,0,0,0
208512,13,5,8,0,0,0,0,0,0,0,0,0,0,0,0,0,0,0.0,0,0,0,13,5,8,0,0,0,0,0,0
208646,115,58,57,0,0,0,6,3,3,0,0,0,5,2,3,0,0,0.0,98,49,49,0,0,0,4,2,2,2,2,0
208725,1,1,0,0,0,0,1,1,0,0,0,0,0,0,0,0,0,0.0,0,0,0,0,0,0,0,0,0,0,0,0
208822,184,98,86,1,1,0,16,12,4,4,2,2,10,5,5,0,0,0.0,137,68,69,7,3,4,9,7,2,0,0,0
209038,195,81,114,2,1,1,9,5,4,3,1,2,13,9,4,0,0,0.0,156,60,96,5,1,4,7,4,3,0,0,0
209056,199,95,104,1,1,0,14,7,7,7,1,6,13,7,6,0,0,0.0,157,77,80,7,2,5,0,0,0,0,0,0
209065,129,49,80,1,0,1,7,4,3,3,1,2,5,1,4,0,0,0.0,110,41,69,1,1,0,2,1,1,0,0,0
209074,122,58,64,0,0,0,5,2,3,1,0,1,4,0,4,0,0,0.0,93,48,45,2,1,1,15,7,8,2,0,2
209241,11,7,4,0,0,0,1,0,1,0,0,0,2,2,0,0,0,0.0,8,5,3,0,0,0,0,0,0,0,0,0
209250,126,51,75,0,0,0,3,2,1,3,1,2,6,3,3,0,0,0.0,98,38,60,3,2,1,13,5,8,0,0,0
209287,24,14,10,0,0,0,1,0,1,0,0,0,0,0,0,0,0,0.0,20,12,8,2,2,0,1,0,1,0,0,0
209296,20,8,12,0,0,0,3,0,3,1,0,1,1,1,0,0,0,0.0,9,4,5,0,0,0,6,3,3,0,0,0
209409,32,15,17,1,0,1,2,2,0,0,0,0,3,1,2,0,0,0.0,25,12,13,1,0,1,0,0,0,0,0,0
209490,1779,758,1021,1,0,1,249,120,129,37,16,21,67,31,36,3,1,0.0,1212,488,724,20,4,16,147,70,77,43,28,15
209506,155,87,68,1,1,0,11,9,2,0,0,0,3,0,3,0,0,0.0,127,68,59,3,3,0,2,0,2,8,6,2
209542,1283,734,549,4,4,0,126,85,41,18,11,7,69,44,25,2,1,0.0,827,462,365,32,14,18,146,75,71,59,38,21
209551,973,539,434,4,2,2,94,51,43,22,11,11,66,33,33,0,0,0.0,681,381,300,18,7,11,60,37,23,28,17,11
209603,24,7,17,0,0,0,0,0,0,0,0,0,0,0,0,0,0,0.0,3,2,1,0,0,0,21,5,16,0,0,0
209612,272,115,157,2,1,1,27,12,15,2,2,0,14,4,10,0,0,0.0,200,86,114,9,5,4,15,4,11,3,1,2
209746,393,182,211,2,1,1,23,8,15,5,3,2,30,18,12,0,0,0.0,297,134,163,12,4,8,23,14,9,1,0,1
209807,709,354,355,4,0,4,86,46,40,34,13,21,61,31,30,0,0,0.0,451,219,232,20,10,10,46,31,15,7,4,3
209825,283,113,170,0,0,0,11,6,5,5,1,4,8,4,4,35,0,0.0,148,71,77,9,3,6,43,16,27,24,12,12
209922,166,85,81,0,0,0,22,8,14,8,3,5,15,5,10,0,0,0.0,101,57,44,7,5,2,0,0,0,13,7,6
209940,63,27,36,0,0,0,1,0,1,0,0,0,2,1,1,0,0,0.0,58,26,32,1,0,1,1,0,1,0,0,0
210146,145,77,68,1,1,0,4,2,2,1,1,0,8,3,5,1,1,0.0,113,59,54,0,0,0,11,5,6,6,5,1
210155,48,27,21,2,0,2,0,0,0,0,0,0,0,0,0,1,0,0.0,41,25,16,0,0,0,4,2,2,0,0,0
210234,39,18,21,1,0,1,0,0,0,0,0,0,2,0,2,0,0,0.0,12,5,7,1,0,1,23,13,10,0,0,0
210270,65,34,31,0,0,0,0,0,0,1,1,0,0,0,0,1,1,0.0,41,23,18,16,7,9,6,2,4,0,0,0
210304,28,13,15,0,0,0,2,2,0,3,2,1,2,2,0,0,0,0.0,20,7,13,1,0,1,0,0,0,0,0,0
210331,42,25,17,0,0,0,4,2,2,0,0,0,0,0,0,0,0,0.0,38,23,15,0,0,0,0,0,0,0,0,0
210368,20,14,6,0,0,0,4,3,1,0,0,0,0,0,0,2,2,0.0,14,9,5,0,0,0,0,0,0,0,0,0
210401,163,84,79,0,0,0,18,9,9,3,2,1,11,4,7,0,0,0.0,115,63,52,6,1,5,10,5,5,0,0,0
210429,222,99,123,0,0,0,10,3,7,3,2,1,14,4,10,0,0,0.0,168,78,90,1,1,0,23,11,12,3,0,3
210438,33,12,21,0,0,0,2,1,1,1,0,1,0,0,0,0,0,0.0,29,11,18,0,0,0,1,0,1,0,0,0
210492,29,18,11,0,0,0,1,0,1,0,0,0,1,0,1,0,0,0.0,27,18,9,0,0,0,0,0,0,0,0,0
210571,114,54,60,0,0,0,4,1,3,6,2,4,4,1,3,0,0,0.0,92,44,48,1,1,0,7,5,2,0,0,0
210599,33,21,12,0,0,0,1,1,0,16,9,7,1,1,0,0,0,0.0,11,6,5,1,1,0,3,3,0,0,0,0
210605,211,90,121,0,0,0,14,5,9,20,8,12,5,3,2,0,0,0.0,170,72,98,0,0,0,2,2,0,0,0,0
210669,140,69,71,0,0,0,5,2,3,6,2,4,8,5,3,1,0,0.0,113,58,55,0,0,0,4,1,3,3,1,2
210739,135,59,76,0,0,0,5,3,2,2,0,2,5,1,4,1,0,0.0,121,55,66,1,0,1,0,0,0,0,0,0
210775,125,48,77,0,0,0,9,3,6,5,2,3,3,2,1,0,0,0.0,108,41,67,0,0,0,0,0,0,0,0,0
211024,34,20,14,0,0,0,0,0,0,1,1,0,0,0,0,0,0,0.0,33,19,14,0,0,0,0,0,0,0,0,0
211079,43,15,28,1,0,1,0,0,0,0,0,0,0,0,0,0,0,0.0,39,12,27,0,0,0,3,3,0,0,0,0
211088,146,57,89,0,0,0,11,7,4,8,3,5,7,4,3,0,0,0.0,113,41,72,3,0,3,1,0,1,3,2,1
211130,7,5,2,0,0,0,2,2,0,1,0,1,0,0,0,0,0,0.0,4,3,1,0,0,0,0,0,0,0,0,0
211273,181,64,117,0,0,0,22,7,15,14,1,13,10,3,7,0,0,0.0,116,48,68,5,1,4,12,4,8,2,0,2
211291,392,220,172,2,2,0,26,15,11,16,6,10,19,11,8,0,0,0.0,292,164,128,6,3,3,3,0,3,28,19,9
211307,127,47,80,0,0,0,7,2,5,1,1,0,1,0,1,1,0,0.0,113,40,73,0,0,0,4,4,0,0,0,0
211343,62,20,42,0,0,0,2,1,1,0,0,0,0,0,0,0,0,0.0,60,19,41,0,0,0,0,0,0,0,0,0
211352,68,27,41,0,0,0,5,3,2,6,2,4,2,1,1,0,0,0.0,54,20,34,0,0,0,1,1,0,0,0,0
211431,109,24,85,0,0,0,3,2,1,5,1,4,2,1,1,0,0,0.0,99,20,79,0,0,0,0,0,0,0,0,0
211440,1308,881,427,0,0,0,163,117,46,39,25,14,44,32,12,1,1,0.0,750,494,256,27,15,12,48,40,8,236,157,79
211468,71,20,51,0,0,0,1,1,0,1,0,1,2,0,2,0,0,0.0,66,19,47,0,0,0,1,0,1,0,0,0
211477,33,18,15,0,0,0,0,0,0,3,1,2,1,0,1,0,0,0.0,29,17,12,0,0,0,0,0,0,0,0,0
211556,139,49,90,0,0,0,8,4,4,3,2,1,1,1,0,1,0,0.0,123,40,83,3,2,1,0,0,0,0,0,0
211583,66,25,41,0,0,0,4,1,3,5,0,5,3,0,3,1,1,0.0,53,23,30,0,0,0,0,0,0,0,0,0
211608,32,16,16,0,0,0,4,1,3,23,12,11,1,1,0,0,0,0.0,4,2,2,0,0,0,0,0,0,0,0,0
211893,34,20,14,0,0,0,8,2,6,2,1,1,1,1,0,0,0,0.0,23,16,7,0,0,0,0,0,0,0,0,0
211927,126,58,68,0,0,0,11,4,7,13,6,7,3,3,0,0,0,0.0,98,45,53,1,0,1,0,0,0,0,0,0
211981,88,45,43,0,0,0,9,6,3,2,2,0,3,1,2,0,0,0.0,74,36,38,0,0,0,0,0,0,0,0,0
212009,221,113,108,1,1,0,13,5,8,9,5,4,14,7,7,0,0,0.0,168,85,83,2,1,1,3,2,1,11,7,4
212045,10,5,5,0,0,0,0,0,0,1,0,1,0,0,0,0,0,0.6931471805599453,9,5,4,0,0,0,0,0,0,0,0,0
212054,1192,613,579,1,1,0,131,76,55,62,22,40,43,25,18,0,0,0.6931471805599453,810,407,403,21,10,11,28,15,13,96,57,39
212106,448,207,241,2,1,1,26,7,19,13,7,6,5,2,3,0,0,0.6931471805599453,395,187,208,2,0,2,3,2,1,2,1,1
212115,209,112,97,0,0,0,23,17,6,13,4,9,7,1,6,0,0,0.6931471805599453,151,80,71,4,3,1,0,0,0,11,7,4
212133,104,43,61,0,0,0,8,4,4,12,7,5,4,1,3,0,0,0.6931471805599453,73,30,43,1,0,1,6,1,5,0,0,0
212197,101,47,54,0,0,0,4,2,2,2,0,2,3,3,0,0,0,0.6931471805599453,89,40,49,0,0,0,0,0,0,3,2,1
212434,17,13,4,0,0,0,0,0,0,1,0,1,0,0,0,0,0,0.6931471805599453,16,13,3,0,0,0,0,0,0,0,0,0
212577,208,109,99,0,0,0,13,9,4,6,4,2,11,2,9,0,0,0.0,168,87,81,2,2,0,6,4,2,2,1,1
212601,248,118,130,1,1,0,31,21,10,7,5,2,4,3,1,1,1,0.0,189,76,113,0,0,0,9,7,2,6,4,2
212656,60,37,23,0,0,0,1,0,1,3,1,2,0,0,0,0,0,0.6931471805599453,56,36,20,0,0,0,0,0,0,0,0,0
212674,216,116,100,0,0,0,21,10,11,9,6,3,14,6,8,0,0,0.6931471805599453,157,87,70,2,1,1,0,0,0,13,6,7
212771,5,3,2,0,0,0,0,0,0,0,0,0,0,0,0,0,0,0.0,5,3,2,0,0,0,0,0,0,0,0,0
212832,88,14,74,0,0,0,0,0,0,4,1,3,1,0,1,1,0,0.0,80,13,67,0,0,0,2,0,2,0,0,0
212869,69,19,50,0,0,0,3,0,3,11,3,8,2,1,1,0,0,0.0,53,15,38,0,0,0,0,0,0,0,0,0
212878,264,85,179,2,2,0,7,2,5,9,7,2,8,2,6,2,0,0.0,229,68,161,7,4,3,0,0,0,0,0,0
212911,176,86,90,0,0,0,18,4,14,16,7,9,10,4,6,0,0,0.0,112,56,56,5,3,2,1,1,0,14,11,3
212975,26,16,10,0,0,0,0,0,0,0,0,0,0,0,0,0,0,0.0,26,16,10,0,0,0,0,0,0,0,0,0
212984,71,25,46,0,0,0,9,3,6,1,0,1,2,2,0,0,0,0.0,59,20,39,0,0,0,0,0,0,0,0,0
212993,10,5,5,0,0,0,0,0,0,2,0,2,2,2,0,0,0,0.0,5,3,2,0,0,0,1,0,1,0,0,0
213011,81,28,53,0,0,0,5,3,2,5,0,5,1,0,1,1,0,0.0,68,24,44,1,1,0,0,0,0,0,0,0
213020,335,168,167,2,1,1,32,22,10,7,3,4,10,5,5,0,0,0.0,273,132,141,0,0,0,9,5,4,2,0,2
213181,26,2,24,0,0,0,0,0,0,1,0,1,0,0,0,0,0,0.0,25,2,23,0,0,0,0,0,0,0,0,0
213233,34,24,10,0,0,0,0,0,0,0,0,0,1,1,0,0,0,0.0,33,23,10,0,0,0,0,0,0,0,0,0
213251,94,56,38,0,0,0,4,1,3,1,0,1,0,0,0,0,0,0.0,83,50,33,0,0,0,0,0,0,6,5,1
213303,42,14,28,0,0,0,0,0,0,0,0,0,0,0,0,0,0,0.0,42,14,28,0,0,0,0,0,0,0,0,0
213321,143,68,75,1,0,1,4,2,2,1,1,0,2,0,2,0,0,0.0,133,63,70,0,0,0,0,0,0,2,2,0
213349,317,163,154,1,0,1,33,17,16,13,7,6,7,4,3,0,0,0.0,253,128,125,2,1,1,3,2,1,5,4,1
213358,56,21,35,0,0,0,3,3,0,1,1,0,0,0,0,0,0,0.0,51,16,35,1,1,0,0,0,0,0,0,0
213367,177,72,105,0,0,0,11,5,6,9,3,6,10,5,5,0,0,0.0,139,53,86,2,2,0,0,0,0,6,4,2
213376,28,9,19,0,0,0,0,0,0,0,0,0,0,0,0,0,0,0.0,27,8,19,0,0,0,1,1,0,0,0,0
213385,261,155,106,0,0,0,16,5,11,10,6,4,10,8,2,0,0,0.0,189,116,73,8,5,3,7,5,2,21,10,11
213400,58,39,19,0,0,0,4,3,1,5,3,2,0,0,0,0,0,0.0,48,32,16,1,1,0,0,0,0,0,0,0
213507,129,66,63,0,0,0,5,4,1,2,2,0,6,2,4,0,0,0.0,109,54,55,2,2,0,2,1,1,3,1,2
213525,78,34,44,1,1,0,2,1,1,3,1,2,1,1,0,0,0,0.0,71,30,41,0,0,0,0,0,0,0,0,0
213534,17,7,10,0,0,0,0,0,0,1,1,0,1,0,1,0,0,0.0,15,6,9,0,0,0,0,0,0,0,0,0
213543,564,358,206,0,0,0,81,50,31,16,7,9,22,14,8,0,0,0.0,333,207,126,4,3,1,68,48,20,40,29,11
213570,22,7,15,0,0,0,0,0,0,1,0,1,0,0,0,0,0,0.0,21,7,14,0,0,0,0,0,0,0,0,0
213589,12,12,0,0,0,0,0,0,0,0,0,0,1,1,0,0,0,0.0,11,11,0,0,0,0,0,0,0,0,0,0
213598,105,49,56,5,5,0,3,3,0,52,23,29,1,0,1,0,0,0.0,28,12,16,7,2,5,8,3,5,1,1,0
213631,21,13,8,0,0,0,2,1,1,4,3,1,0,0,0,0,0,0.0,15,9,6,0,0,0,0,0,0,0,0,0
213659,98,47,51,0,0,0,3,1,2,1,1,0,1,1,0,0,0,0.0,87,42,45,0,0,0,6,2,4,0,0,0
213668,90,48,42,2,2,0,0,0,0,0,0,0,6,3,3,0,0,0.0,74,39,35,0,0,0,8,4,4,0,0,0
213774,21,4,17,0,0,0,0,0,0,1,0,1,0,0,0,0,0,0.0,20,4,16,0,0,0,0,0,0,0,0,0
213826,141,51,90,0,0,0,10,5,5,1,0,1,6,4,2,0,0,0.0,121,40,81,0,0,0,3,2,1,0,0,0
213914,13,1,12,0,0,0,0,0,0,0,0,0,0,0,0,0,0,0.0,13,1,12,0,0,0,0,0,0,0,0,0
213987,145,69,76,0,0,0,6,4,2,1,0,1,1,0,1,0,0,0.0,132,61,71,1,1,0,2,1,1,2,2,0
213996,173,91,82,0,0,0,8,4,4,11,5,6,3,1,2,1,1,0.0,143,74,69,2,2,0,4,3,1,1,1,0
214041,259,132,127,1,1,0,20,11,9,13,8,5,16,6,10,0,0,0.0,203,100,103,2,2,0,1,1,0,3,3,0
214069,119,45,74,0,0,0,10,6,4,0,0,0,0,0,0,0,0,0.0,107,38,69,1,1,0,1,0,1,0,0,0
214111,155,59,96,1,0,1,5,2,3,18,8,10,3,1,2,0,0,0.0,125,48,77,1,0,1,2,0,2,0,0,0
214148,23,9,14,0,0,0,2,0,2,2,1,1,1,1,0,0,0,0.0,18,7,11,0,0,0,0,0,0,0,0,0
214157,152,51,101,0,0,0,6,3,3,5,1,4,9,1,8,0,0,0.0,125,45,80,2,0,2,0,0,0,5,1,4
214166,57,17,40,0,0,0,0,0,0,0,0,0,1,1,0,0,0,0.0,56,16,40,0,0,0,0,0,0,0,0,0
214175,183,90,93,0,0,0,12,4,8,10,4,6,12,7,5,0,0,0.0,145,73,72,1,0,1,1,0,1,2,2,0
214272,87,34,53,0,0,0,7,2,5,4,1,3,1,0,1,0,0,0.0,75,31,44,0,0,0,0,0,0,0,0,0
214290,27,25,2,0,0,0,0,0,0,2,2,0,0,0,0,0,0,0.0,25,23,2,0,0,0,0,0,0,0,0,0
214379,117,47,70,0,0,0,2,1,1,6,1,5,6,4,2,0,0,0.0,102,40,62,1,1,0,0,0,0,0,0,0
214564,108,34,74,0,0,0,15,5,10,3,1,2,4,1,3,0,0,0.0,78,25,53,8,2,6,0,0,0,0,0,0
214582,17,6,11,0,0,0,0,0,0,0,0,0,0,0,0,0,0,0.0,17,6,11,0,0,0,0,0,0,0,0,0
214591,257,173,84,1,0,1,26,17,9,2,2,0,4,2,2,0,0,0.0,158,100,58,3,2,1,41,34,7,22,16,6
214607,34,24,10,0,0,0,12,10,2,1,1,0,0,0,0,0,0,0.0,14,8,6,0,0,0,1,0,1,6,5,1
214625,39,18,21,0,0,0,3,2,1,0,0,0,1,0,1,0,0,0.0,31,14,17,0,0,0,1,0,1,3,2,1
214634,30,8,22,0,0,0,3,1,2,0,0,0,0,0,0,0,0,0.0,17,6,11,0,0,0,9,1,8,1,0,1
214643,31,16,15,0,0,0,1,1,0,2,2,0,3,2,1,0,0,0.0,18,8,10,0,0,0,4,1,3,3,2,1
214652,58,23,35,0,0,0,6,2,4,0,0,0,1,0,1,0,0,0.0,40,18,22,0,0,0,8,1,7,3,2,1
214670,44,17,27,0,0,0,2,1,1,0,0,0,4,2,2,0,0,0.0,35,13,22,0,0,0,3,1,2,0,0,0
214689,186,92,94,0,0,0,15,9,6,3,2,1,5,4,1,0,0,0.0,148,71,77,1,1,0,12,5,7,2,0,2
214698,39,18,21,0,0,0,5,2,3,1,1,0,3,2,1,0,0,0.0,22,9,13,0,0,0,7,3,4,1,1,0
214704,127,63,64,0,0,0,13,9,4,3,0,3,6,2,4,0,0,0.0,82,40,42,1,0,1,18,8,10,4,4,0
214713,246,149,97,0,0,0,39,28,11,11,8,3,7,4,3,0,0,0.0,155,85,70,2,1,1,12,8,4,20,15,5
214731,69,25,44,0,0,0,5,2,3,4,2,2,1,0,1,0,0,0.0,49,20,29,0,0,0,8,0,8,2,1,1
214740,38,14,24,0,0,0,3,2,1,2,1,1,2,1,1,0,0,0.6931471805599453,28,8,20,1,0,1,1,1,0,1,1,0
214759,44,20,24,0,0,0,1,1,0,1,0,1,1,1,0,0,0,0.6931471805599453,35,17,18,0,0,0,5,0,5,1,1,0
214768,44,20,24,0,0,0,2,2,0,0,0,0,2,2,0,0,0,0.6931471805599453,36,14,22,0,0,0,2,1,1,2,1,1
214777,4207,2421,1786,11,6,5,581,366,215,143,61,82,169,89,80,1,1,0.0,2745,1573,1172,35,19,16,260,154,106,262,152,110
214786,39,19,20,0,0,0,2,1,1,7,5,2,1,1,0,0,0,0.0,24,10,14,0,0,0,5,2,3,0,0,0
214795,53,21,32,1,1,0,5,4,1,0,0,0,1,0,1,0,0,0.6931471805599453,43,14,29,0,0,0,3,2,1,0,0,0
214801,156,78,78,1,0,1,24,10,14,12,4,8,5,2,3,0,0,0.6931471805599453,97,53,44,0,0,0,10,5,5,7,4,3
214810,45,17,28,0,0,0,1,1,0,1,1,0,0,0,0,0,0,0.0,30,12,18,1,1,0,12,2,10,0,0,0
214829,46,27,19,0,0,0,4,2,2,1,1,0,1,0,1,0,0,0.0,37,21,16,0,0,0,3,3,0,0,0,0
214883,17,8,9,0,0,0,0,0,0,4,0,4,0,0,0,1,1,0.0,12,7,5,0,0,0,0,0,0,0,0,0
214892,27,12,15,0,0,0,0,0,0,0,0,0,0,0,0,0,0,0.0,27,12,15,0,0,0,0,0,0,0,0,0
214944,36,33,3,0,0,0,1,1,0,4,3,1,2,2,0,0,0,1.3862943611198906,29,27,2,0,0,0,0,0,0,0,0,0
214971,20,14,6,0,0,0,1,0,1,2,2,0,0,0,0,0,0,1.3862943611198906,14,10,4,3,2,1,0,0,0,0,0,0
215053,16,7,9,0,0,0,0,0,0,0,0,0,0,0,0,0,0,1.3862943611198906,16,7,9,0,0,0,0,0,0,0,0,0
215062,2221,1317,904,1,0,1,385,226,159,100,54,46,118,60,58,0,0,1.0986122886681098,1518,916,602,31,23,8,12,5,7,56,33,23
215105,77,45,32,0,0,0,3,1,2,9,6,3,3,1,2,0,0,1.0986122886681098,55,34,21,2,1,1,5,2,3,0,0,0
215114,45,29,16,0,0,0,1,1,0,2,1,1,0,0,0,0,0,0.6931471805599453,42,27,15,0,0,0,0,0,0,0,0,0
215123,218,114,104,1,1,0,32,17,15,17,7,10,4,2,2,2,0,0.6931471805599453,154,84,70,6,3,3,2,0,2,0,0,0
215239,279,127,152,1,1,0,13,8,5,49,19,30,14,8,6,0,0,0.0,194,84,110,3,3,0,5,4,1,0,0,0
215266,68,41,27,0,0,0,4,4,0,6,5,1,2,1,1,0,0,0.0,47,26,21,1,1,0,3,1,2,5,3,2
215275,75,33,42,0,0,0,4,0,4,2,1,1,4,1,3,0,0,0.0,61,28,33,1,1,0,2,1,1,1,1,0
215284,131,69,62,0,0,0,10,7,3,2,1,1,2,2,0,0,0,0.0,109,53,56,0,0,0,5,4,1,3,2,1
215293,4491,2438,2053,3,1,2,794,483,311,151,66,85,162,80,82,4,3,0.0,3027,1608,1419,41,20,21,81,36,45,228,141,87
215309,8,2,6,0,0,0,0,0,0,0,0,0,0,0,0,0,0,0.0,8,2,6,0,0,0,0,0,0,0,0,0
215381,37,33,4,0,0,0,0,0,0,0,0,0,0,0,0,0,0,0.0,35,31,4,0,0,0,2,2,0,0,0,0
215415,54,36,18,0,0,0,0,0,0,3,3,0,0,0,0,0,0,0.0,51,33,18,0,0,0,0,0,0,0,0,0
215424,14,9,5,0,0,0,1,1,0,4,1,3,0,0,0,0,0,0.0,9,7,2,0,0,0,0,0,0,0,0,0
215442,131,67,64,0,0,0,6,4,2,4,2,2,4,2,2,0,0,0.0,114,58,56,3,1,2,0,0,0,0,0,0
215585,56,11,45,0,0,0,0,0,0,1,0,1,3,1,2,0,0,0.0,51,10,41,0,0,0,1,0,1,0,0,0
215619,6,2,4,0,0,0,0,0,0,0,0,0,0,0,0,0,0,0.0,6,2,4,0,0,0,0,0,0,0,0,0
215637,12,7,5,0,0,0,0,0,0,0,0,0,0,0,0,0,0,0.0,12,7,5,0,0,0,0,0,0,0,0,0
215655,174,88,86,0,0,0,22,11,11,4,1,3,6,2,4,0,0,0.0,127,65,62,4,2,2,0,0,0,11,7,4
215682,26,26,0,0,0,0,0,0,0,1,1,0,0,0,0,0,0,0.0,25,25,0,0,0,0,0,0,0,0,0,0
215691,24,13,11,0,0,0,1,0,1,4,3,1,1,0,1,0,0,0.0,18,10,8,0,0,0,0,0,0,0,0,0
215743,117,53,64,0,0,0,5,3,2,1,1,0,2,1,1,1,0,0.0,104,46,58,0,0,0,4,2,2,0,0,0
215770,354,189,165,1,1,0,52,29,23,13,3,10,11,7,4,0,0,0.0,234,112,122,30,30,0,13,7,6,0,0,0
215798,96,67,29,0,0,0,0,0,0,1,1,0,1,1,0,0,0,0.0,75,52,23,0,0,0,18,12,6,1,1,0
215929,273,161,112,0,0,0,2,2,0,3,0,3,4,1,3,13,10,0.0,229,132,97,1,1,0,3,3,0,18,12,6
215947,107,35,72,0,0,0,1,1,0,6,1,5,1,0,1,0,0,0.0,98,33,65,0,0,0,0,0,0,1,0,1
215992,12,3,9,0,0,0,0,0,0,2,0,2,0,0,0,0,0,0.0,10,3,7,0,0,0,0,0,0,0,0,0
216010,244,143,101,1,1,0,25,16,9,14,7,7,8,5,3,1,1,0.0,187,107,80,2,1,1,2,1,1,4,4,0
216038,364,174,190,1,1,0,38,21,17,19,8,11,15,7,8,0,0,0.0,276,128,148,2,1,1,0,0,0,13,8,5
216047,19,16,3,0,0,0,0,0,0,0,0,0,0,0,0,0,0,0.0,19,16,3,0,0,0,0,0,0,0,0,0
216083,21,7,14,0,0,0,0,0,0,0,0,0,0,0,0,0,0,0.0,21,7,14,0,0,0,0,0,0,0,0,0
216278,145,74,71,0,0,0,17,8,9,8,5,3,6,2,4,0,0,0.0,109,58,51,2,0,2,0,0,0,3,1,2
216287,257,133,124,4,2,2,22,11,11,14,6,8,20,10,10,0,0,0.0,165,93,72,6,2,4,9,5,4,17,4,13
216296,80,61,19,0,0,0,3,3,0,5,4,1,1,1,0,0,0,0.0,69,52,17,2,1,1,0,0,0,0,0,0
216339,2247,1220,1027,4,2,2,339,203,136,130,53,77,103,52,51,3,2,0.6931471805599453,1420,768,652,28,16,12,152,90,62,68,34,34
216357,58,27,31,0,0,0,2,2,0,1,0,1,0,0,0,0,0,0.6931471805599453,55,25,30,0,0,0,0,0,0,0,0,0
216366,297,96,201,0,0,0,27,16,11,14,1,13,6,4,2,0,0,0.6931471805599453,206,56,150,7,0,7,32,17,15,5,2,3
216436,14,14,0,0,0,0,0,0,0,1,1,0,0,0,0,0,0,0.0,11,11,0,0,0,0,2,2,0,0,0,0
216445,13,13,0,0,0,0,0,0,0,0,0,0,0,0,0,0,0,0.0,13,13,0,0,0,0,0,0,0,0,0,0
216454,11,10,1,0,0,0,0,0,0,0,0,0,0,0,0,0,0,0.0,11,10,1,0,0,0,0,0,0,0,0,0
216463,11,10,1,0,0,0,0,0,0,0,0,0,0,0,0,0,0,0.6931471805599453,9,8,1,0,0,0,0,0,0,2,2,0
216524,133,54,79,0,0,0,5,1,4,9,1,8,5,3,2,0,0,0.6931471805599453,107,45,62,2,2,0,0,0,0,5,2,3
216542,21,10,11,0,0,0,1,1,0,0,0,0,0,0,0,0,0,0.0,20,9,11,0,0,0,0,0,0,0,0,0
216597,762,418,344,2,0,2,61,34,27,28,12,16,25,17,8,0,0,0.0,590,324,266,11,6,5,2,1,1,43,24,19
216667,102,47,55,1,0,1,10,2,8,3,3,0,0,0,0,0,0,0.0,83,40,43,0,0,0,5,2,3,0,0,0
216694,74,33,41,1,1,0,2,1,1,3,3,0,1,0,1,0,0,0.0,67,28,39,0,0,0,0,0,0,0,0,0
216764,663,297,366,1,0,1,59,30,29,32,8,24,22,12,10,0,0,0.0,517,231,286,2,1,1,0,0,0,30,15,15
216807,71,35,36,0,0,0,0,0,0,0,0,0,3,0,3,0,0,0.0,68,35,33,0,0,0,0,0,0,0,0,0
216816,14,12,2,0,0,0,0,0,0,0,0,0,2,2,0,0,0,0.0,12,10,2,0,0,0,0,0,0,0,0,0
216825,72,34,38,0,0,0,1,1,0,1,1,0,0,0,0,0,0,0.0,69,31,38,0,0,0,1,1,0,0,0,0
216852,277,113,164,0,0,0,32,15,17,18,3,15,9,4,5,1,0,0.6931471805599453,203,81,122,0,0,0,0,0,0,14,10,4
216931,166,74,92,1,0,1,20,11,9,3,2,1,5,3,2,0,0,0.6931471805599453,130,56,74,3,1,2,4,1,3,0,0,0
216940,19,16,3,0,0,0,0,0,0,0,0,0,0,0,0,0,0,0.0,19,16,3,0,0,0,0,0,0,0,0,0
217013,41,16,25,0,0,0,1,1,0,0,0,0,2,2,0,0,0,0.0,36,11,25,0,0,0,2,2,0,0,0,0
217059,161,83,78,0,0,0,12,7,5,4,2,2,6,2,4,0,0,0.0,125,63,62,2,1,1,8,5,3,4,3,1
217077,32,19,13,0,0,0,0,0,0,0,0,0,0,0,0,0,0,0.0,28,15,13,1,1,0,3,3,0,0,0,0
217156,969,575,394,1,0,1,114,61,53,63,34,29,54,30,24,0,0,0.0,624,390,234,22,11,11,33,17,16,58,32,26
217165,157,85,72,0,0,0,22,13,9,2,1,1,3,2,1,0,0,0.0,117,66,51,1,0,1,2,0,2,10,3,7
217235,236,117,119,0,0,0,8,4,4,6,4,2,8,3,5,0,0,0.0,196,97,99,5,5,0,12,4,8,1,0,1
217305,106,61,45,0,0,0,1,1,0,0,0,0,1,0,1,0,0,0.0,104,60,44,0,0,0,0,0,0,0,0,0
217402,314,183,131,1,1,0,19,9,10,14,7,7,19,7,12,0,0,0.0,243,151,92,5,2,3,0,0,0,13,6,7
217420,302,110,192,1,0,1,26,9,17,10,1,9,14,7,7,1,1,0.0,238,83,155,4,4,0,0,0,0,8,5,3
217475,286,101,185,3,2,1,8,4,4,13,6,7,5,3,2,0,0,0.0,256,86,170,1,0,1,0,0,0,0,0,0
217484,765,372,393,3,1,2,104,58,46,22,10,12,29,13,16,0,0,0.0,562,272,290,3,0,3,3,0,3,39,18,21
217493,202,96,106,2,2,0,18,4,14,20,8,12,7,6,1,0,0,0.0,125,64,61,2,2,0,14,4,10,14,6,8
217518,193,104,89,2,2,0,16,7,9,9,4,5,13,8,5,0,0,0.0,144,77,67,0,0,0,6,5,1,3,1,2
217536,127,48,79,0,0,0,4,2,2,6,2,4,4,1,3,0,0,0.0,110,40,70,0,0,0,3,3,0,0,0,0
217606,6,6,0,0,0,0,0,0,0,0,0,0,0,0,0,0,0,0.0,3,3,0,0,0,0,3,3,0,0,0,0
217615,52,24,28,0,0,0,1,0,1,17,5,12,0,0,0,0,0,0.0,34,19,15,0,0,0,0,0,0,0,0,0
217624,42,26,16,0,0,0,0,0,0,33,18,15,0,0,0,0,0,0.0,5,4,1,0,0,0,4,4,0,0,0,0
217633,187,96,91,0,0,0,3,2,1,12,5,7,0,0,0,0,0,0.0,160,85,75,1,0,1,11,4,7,0,0,0
217688,226,119,107,2,1,1,8,4,4,20,12,8,6,4,2,0,0,0.0,187,97,90,3,1,2,0,0,0,0,0,0
217712,51,19,32,0,0,0,1,0,1,5,2,3,0,0,0,0,0,0.0,45,17,28,0,0,0,0,0,0,0,0,0
217721,91,48,43,2,1,1,12,7,5,57,32,25,4,0,4,0,0,0.0,12,6,6,0,0,0,4,2,2,0,0,0
217749,177,107,70,0,0,0,5,4,1,2,1,1,7,3,4,0,0,0.0,160,98,62,0,0,0,0,0,0,3,1,2
217776,46,30,16,0,0,0,2,1,1,7,3,4,0,0,0,0,0,0.0,34,23,11,1,1,0,0,0,0,2,2,0
217819,505,256,249,0,0,0,28,20,8,25,13,12,24,10,14,1,1,0.0,399,198,201,7,5,2,1,1,0,20,8,12
217837,28,16,12,0,0,0,1,1,0,3,0,3,0,0,0,0,0,0.0,23,14,9,1,1,0,0,0,0,0,0,0
217864,202,125,77,2,2,0,12,7,5,7,3,4,10,3,7,1,1,0.0,126,80,46,4,3,1,39,25,14,1,1,0
217873,115,64,51,0,0,0,25,17,8,59,24,35,3,3,0,0,0,0.0,26,18,8,0,0,0,0,0,0,2,2,0
217882,1452,841,611,1,1,0,176,131,45,56,18,38,57,26,31,1,1,0.0,1047,596,451,5,2,3,48,25,23,61,41,20
217891,12,5,7,0,0,0,0,0,0,11,4,7,0,0,0,0,0,0.0,1,1,0,0,0,0,0,0,0,0,0,0
217907,49,23,26,0,0,0,5,3,2,4,3,1,0,0,0,0,0,0.0,37,16,21,0,0,0,3,1,2,0,0,0
217925,49,33,16,0,0,0,1,1,0,2,1,1,1,1,0,0,0,0.0,44,30,14,0,0,0,1,0,1,0,0,0
217934,57,19,38,1,0,1,4,1,3,6,2,4,1,0,1,0,0,0.0,29,6,23,0,0,0,16,10,6,0,0,0
217961,90,33,57,0,0,0,2,0,2,4,1,3,5,3,2,0,0,0.0,79,29,50,0,0,0,0,0,0,0,0,0
217989,23,13,10,0,0,0,3,2,1,15,6,9,0,0,0,0,0,0.0,5,5,0,0,0,0,0,0,0,0,0,0
217998,38,18,20,0,0,0,0,0,0,3,3,0,0,0,0,0,0,0.0,35,15,20,0,0,0,0,0,0,0,0,0
218025,73,30,43,2,1,1,3,1,2,13,4,9,2,1,1,0,0,0.0,53,23,30,0,0,0,0,0,0,0,0,0
218061,209,100,109,1,0,1,9,2,7,11,2,9,4,1,3,0,0,0.0,176,88,88,0,0,0,1,1,0,7,6,1
218070,265,140,125,1,1,0,19,11,8,13,6,7,8,2,6,0,0,0.0,210,111,99,4,2,2,0,0,0,10,7,3
218113,286,123,163,0,0,0,9,3,6,35,15,20,7,4,3,0,0,0.0,235,101,134,0,0,0,0,0,0,0,0,0
218140,168,79,89,0,0,0,2,0,2,7,3,4,3,1,2,1,0,0.0,151,71,80,1,1,0,0,0,0,3,3,0
218229,191,86,105,0,0,0,2,1,1,7,1,6,2,2,0,4,1,0.0,138,58,80,1,1,0,37,22,15,0,0,0
218238,87,41,46,0,0,0,2,0,2,11,4,7,1,1,0,1,0,0.0,71,36,35,1,0,1,0,0,0,0,0,0
218335,211,82,129,0,0,0,12,6,6,8,1,7,12,3,9,0,0,0.0,172,69,103,3,0,3,4,3,1,0,0,0
218353,207,99,108,1,0,1,5,3,2,36,13,23,8,3,5,0,0,0.0,157,80,77,0,0,0,0,0,0,0,0,0
218399,22,13,9,0,0,0,1,1,0,17,10,7,1,0,1,0,0,0.0,3,2,1,0,0,0,0,0,0,0,0,0
218414,65,33,32,0,0,0,0,0,0,8,5,3,1,1,0,0,0,0.0,55,26,29,0,0,0,1,1,0,0,0,0
218441,134,77,57,0,0,0,1,1,0,5,4,1,1,1,0,0,0,0.0,82,43,39,0,0,0,45,28,17,0,0,0
218487,62,19,43,0,0,0,1,0,1,15,3,12,0,0,0,0,0,0.0,45,16,29,1,0,1,0,0,0,0,0,0
218520,111,52,59,0,0,0,2,2,0,15,6,9,4,0,4,0,0,0.0,89,44,45,0,0,0,0,0,0,1,0,1
218539,102,57,45,0,0,0,3,2,1,4,1,3,0,0,0,0,0,0.0,91,50,41,4,4,0,0,0,0,0,0,0
218645,160,77,83,0,0,0,10,7,3,10,2,8,4,2,2,0,0,0.0,132,65,67,4,1,3,0,0,0,0,0,0
218654,96,40,56,0,0,0,4,2,2,6,1,5,4,3,1,0,0,0.0,80,33,47,1,1,0,0,0,0,1,0,1
218663,1737,924,813,6,1,5,213,138,75,114,35,79,61,29,32,2,0,0.0,1278,689,589,13,5,8,10,7,3,40,20,20
218672,54,28,26,0,0,0,1,1,0,7,6,1,1,0,1,0,0,0.0,45,21,24,0,0,0,0,0,0,0,0,0
218681,22,14,8,0,0,0,2,2,0,2,1,1,0,0,0,0,0,0.0,17,10,7,0,0,0,0,0,0,1,1,0
218690,39,19,20,0,0,0,5,2,3,0,0,0,2,0,2,0,0,0.0,29,15,14,2,1,1,0,0,0,1,1,0
218706,18,7,11,0,0,0,0,0,0,2,0,2,1,1,0,0,0,0.0,15,6,9,0,0,0,0,0,0,0,0,0
218724,502,269,233,1,0,1,29,20,9,25,10,15,11,7,4,0,0,0.0,430,228,202,1,1,0,5,3,2,0,0,0
218733,118,59,59,0,0,0,16,12,4,76,28,48,0,0,0,0,0,0.0,26,19,7,0,0,0,0,0,0,0,0,0
218742,212,90,122,2,2,0,22,13,9,25,11,14,6,0,6,0,0,0.0,154,62,92,1,0,1,0,0,0,2,2,0
218751,35,14,21,0,0,0,1,0,1,3,1,2,0,0,0,0,0,0.0,30,12,18,1,1,0,0,0,0,0,0,0
218821,43,16,27,0,0,0,1,0,1,1,0,1,1,0,1,0,0,0.0,40,16,24,0,0,0,0,0,0,0,0,0
218830,136,56,80,0,0,0,6,4,2,13,4,9,4,1,3,0,0,0.0,113,47,66,0,0,0,0,0,0,0,0,0
218858,80,33,47,0,0,0,0,0,0,9,2,7,2,0,2,0,0,0.0,64,29,35,4,2,2,1,0,1,0,0,0
218885,139,60,79,1,0,1,1,1,0,12,3,9,3,2,1,0,0,0.0,121,53,68,1,1,0,0,0,0,0,0,0
218894,241,102,139,1,0,1,4,1,3,35,13,22,5,2,3,0,0,0.0,192,84,108,4,2,2,0,0,0,0,0,0
218919,35,20,15,1,1,0,3,2,1,24,13,11,0,0,0,0,0,0.0,7,4,3,0,0,0,0,0,0,0,0,0
218955,24,10,14,0,0,0,0,0,0,11,6,5,1,0,1,0,0,0.0,12,4,8,0,0,0,0,0,0,0,0,0
218964,252,117,135,0,0,0,12,6,6,25,11,14,4,2,2,1,1,0.0,205,96,109,2,0,2,0,0,0,3,1,2
218973,150,74,76,0,0,0,7,2,5,7,1,6,4,0,4,0,0,0.0,120,61,59,2,2,0,10,8,2,0,0,0
218991,104,46,58,0,0,0,5,3,2,22,5,17,1,1,0,0,0,0.0,76,37,39,0,0,0,0,0,0,0,0,0
219000,143,63,80,1,0,1,6,1,5,2,0,2,4,2,2,0,0,0.0,123,55,68,4,3,1,0,0,0,3,2,1
219046,103,61,42,2,0,2,8,7,1,2,0,2,1,0,1,0,0,0.0,89,53,36,0,0,0,0,0,0,1,1,0
219082,94,61,33,0,0,0,10,8,2,0,0,0,0,0,0,0,0,0.0,79,49,30,1,1,0,0,0,0,4,3,1
219091,46,19,27,0,0,0,1,0,1,0,0,0,0,0,0,0,0,0.0,44,18,26,1,1,0,0,0,0,0,0,0
219143,114,66,48,0,0,0,0,0,0,0,0,0,1,1,0,0,0,0.0,112,65,47,1,0,1,0,0,0,0,0,0
219189,67,40,27,0,0,0,0,0,0,0,0,0,0,0,0,0,0,0.0,67,40,27,0,0,0,0,0,0,0,0,0
219198,44,22,22,0,0,0,2,1,1,0,0,0,0,0,0,0,0,0.0,42,21,21,0,0,0,0,0,0,0,0,0
219240,10,7,3,0,0,0,0,0,0,0,0,0,0,0,0,0,0,0.0,10,7,3,0,0,0,0,0,0,0,0,0
219259,90,46,44,1,0,1,2,2,0,0,0,0,3,3,0,0,0,0.0,80,41,39,0,0,0,0,0,0,4,0,4
219277,54,24,30,27,15,12,0,0,0,0,0,0,3,0,3,0,0,0.0,24,9,15,0,0,0,0,0,0,0,0,0
219295,32,6,26,0,0,0,0,0,0,0,0,0,0,0,0,0,0,0.0,32,6,26,0,0,0,0,0,0,0,0,0
219347,153,118,35,2,2,0,17,15,2,2,2,0,2,2,0,0,0,0.0,115,84,31,0,0,0,0,0,0,15,13,2
219356,472,251,221,2,1,1,61,48,13,5,2,3,10,4,6,0,0,0.0,375,186,189,3,1,2,1,1,0,15,8,7
219374,18,7,11,4,3,1,0,0,0,0,0,0,0,0,0,0,0,0.0,14,4,10,0,0,0,0,0,0,0,0,0
219383,57,33,24,0,0,0,0,0,0,1,1,0,0,0,0,0,0,0.0,47,25,22,9,7,2,0,0,0,0,0,0
219408,15,9,6,8,6,2,0,0,0,0,0,0,0,0,0,0,0,0.0,7,3,4,0,0,0,0,0,0,0,0,0
219426,96,42,54,0,0,0,2,0,2,0,0,0,0,0,0,0,0,0.0,94,42,52,0,0,0,0,0,0,0,0,0
219471,432,206,226,5,1,4,32,22,10,7,3,4,16,10,6,0,0,0.0,358,165,193,6,2,4,0,0,0,8,3,5
219480,54,30,24,0,0,0,0,0,0,0,0,0,0,0,0,0,0,0.0,51,28,23,2,2,0,1,0,1,0,0,0
219505,3,1,2,0,0,0,0,0,0,3,1,2,0,0,0,0,0,0.0,0,0,0,0,0,0,0,0,0,0,0,0
219602,394,190,204,1,0,1,24,13,11,37,15,22,9,9,0,0,0,0.0,290,135,155,10,6,4,6,2,4,17,10,7
219639,65,9,56,1,0,1,0,0,0,17,1,16,0,0,0,1,1,0.0,45,6,39,1,1,0,0,0,0,0,0,0
219709,534,254,280,0,0,0,18,7,11,52,21,31,14,10,4,0,0,0.0,430,206,224,2,2,0,15,8,7,3,0,3
219718,136,75,61,0,0,0,0,0,0,12,7,5,1,1,0,0,0,0.0,121,66,55,0,0,0,0,0,0,2,1,1
219790,42,24,18,0,0,0,0,0,0,0,0,0,0,0,0,0,0,0.0,42,24,18,0,0,0,0,0,0,0,0,0
219806,131,64,67,0,0,0,1,1,0,0,0,0,1,0,1,1,0,0.0,126,62,64,2,1,1,0,0,0,0,0,0
219824,235,109,126,1,1,0,5,2,3,16,4,12,4,2,2,0,0,0.0,195,94,101,6,3,3,5,2,3,3,1,2
219833,110,67,43,1,1,0,9,6,3,4,0,4,5,3,2,0,0,0.0,78,46,32,0,0,0,9,7,2,4,4,0
219842,10,9,1,0,0,0,0,0,0,2,1,1,2,2,0,0,0,0.0,6,6,0,0,0,0,0,0,0,0,0,0
219879,72,34,38,0,0,0,3,1,2,0,0,0,1,1,0,0,0,0.0,68,32,36,0,0,0,0,0,0,0,0,0
219888,105,39,66,1,0,1,2,0,2,10,5,5,2,0,2,0,0,0.0,83,32,51,2,0,2,4,2,2,1,0,1
219903,33,7,26,0,0,0,0,0,0,15,3,12,0,0,0,0,0,0.0,17,3,14,0,0,0,1,1,0,0,0,0
219949,96,41,55,0,0,0,2,1,1,5,0,5,1,1,0,0,0,0.0,87,39,48,1,0,1,0,0,0,0,0,0
219976,250,124,126,0,0,0,2,1,1,11,4,7,8,4,4,0,0,0.0,220,110,110,3,1,2,6,4,2,0,0,0
220057,45,17,28,0,0,0,0,0,0,8,3,5,0,0,0,0,0,0.0,35,12,23,1,1,0,1,1,0,0,0,0
220075,736,366,370,0,0,0,39,24,15,17,5,12,11,8,3,2,1,0.0,578,279,299,14,6,8,7,5,2,68,38,30
220118,19,0,19,0,0,0,0,0,0,3,0,3,2,0,2,0,0,0.0,14,0,14,0,0,0,0,0,0,0,0,0
220181,69,39,30,0,0,0,10,6,4,40,21,19,1,1,0,0,0,0.0,14,10,4,3,0,3,1,1,0,0,0,0
220206,20,14,6,0,0,0,0,0,0,0,0,0,1,1,0,0,0,0.0,18,13,5,1,0,1,0,0,0,0,0,0
220215,107,69,38,0,0,0,0,0,0,5,2,3,1,0,1,0,0,0.0,97,65,32,1,1,0,3,1,2,0,0,0
220400,75,32,43,0,0,0,0,0,0,5,2,3,1,0,1,0,0,0.0,68,30,38,0,0,0,0,0,0,1,0,1
220473,39,28,11,0,0,0,1,1,0,3,2,1,1,1,0,0,0,0.0,34,24,10,0,0,0,0,0,0,0,0,0
220516,83,30,53,0,0,0,2,2,0,2,1,1,2,0,2,0,0,0.0,77,27,50,0,0,0,0,0,0,0,0,0
220552,313,96,217,2,1,1,13,5,8,32,3,29,6,4,2,0,0,0.0,252,81,171,7,1,6,1,1,0,0,0,0
220598,62,38,24,0,0,0,6,5,1,33,17,16,5,2,3,1,1,0.0,17,13,4,0,0,0,0,0,0,0,0,0
220604,49,23,26,0,0,0,9,5,4,36,18,18,0,0,0,0,0,0.0,4,0,4,0,0,0,0,0,0,0,0,0
220613,174,95,79,0,0,0,6,4,2,0,0,0,7,5,2,1,1,0.0,158,85,73,1,0,1,1,0,1,0,0,0
220631,326,131,195,1,0,1,9,7,2,9,4,5,6,3,3,0,0,0.0,254,100,154,0,0,0,47,17,30,0,0,0
220701,51,28,23,2,1,1,1,1,0,3,2,1,0,0,0,0,0,0.0,45,24,21,0,0,0,0,0,0,0,0,0
220710,71,32,39,0,0,0,1,0,1,1,1,0,1,0,1,0,0,1.3862943611198906,45,18,27,1,0,1,22,13,9,0,0,0
220792,197,115,82,0,0,0,40,29,11,123,59,64,1,1,0,0,0,1.3862943611198906,33,26,7,0,0,0,0,0,0,0,0,0
220862,896,464,432,1,1,0,111,71,40,107,41,66,38,21,17,0,0,0.0,615,315,300,12,6,6,1,0,1,11,9,2
220871,10,5,5,0,0,0,0,0,0,4,3,1,0,0,0,0,0,0.6931471805599453,6,2,4,0,0,0,0,0,0,0,0,0
220978,950,490,460,0,0,0,86,50,36,66,29,37,28,19,9,0,0,0.6931471805599453,759,385,374,10,6,4,0,0,0,1,1,0
220996,1,1,0,0,0,0,0,0,0,0,0,0,0,0,0,0,0,0.6931471805599453,1,1,0,0,0,0,0,0,0,0,0,0
221096,124,62,62,0,0,0,1,0,1,12,3,9,3,2,1,0,0,0.0,108,57,51,0,0,0,0,0,0,0,0,0
221148,56,56,0,0,0,0,0,0,0,1,1,0,2,2,0,0,0,0.0,53,53,0,0,0,0,0,0,0,0,0,0
221184,129,55,74,1,1,0,2,1,1,6,3,3,1,0,1,0,0,0.6931471805599453,111,48,63,3,1,2,0,0,0,5,1,4
221351,182,93,89,0,0,0,12,6,6,13,7,6,8,3,5,0,0,0.0,128,66,62,2,2,0,12,5,7,7,4,3
221397,111,41,70,0,0,0,2,2,0,3,0,3,4,0,4,0,0,0.6931471805599453,98,38,60,2,0,2,1,0,1,1,1,0
221485,168,68,100,0,0,0,7,3,4,51,16,35,3,0,3,0,0,0.6931471805599453,96,43,53,4,1,3,2,2,0,5,3,2
221519,175,102,73,0,0,0,8,6,2,7,6,1,9,5,4,0,0,0.0,129,71,58,5,4,1,1,1,0,16,9,7
221643,216,86,130,0,0,0,2,0,2,11,5,6,9,2,7,0,0,0.0,186,75,111,1,0,1,3,2,1,4,2,2
221661,137,63,74,1,0,1,7,3,4,12,1,11,10,6,4,1,1,0.6931471805599453,102,51,51,1,0,1,3,1,2,0,0,0
221670,56,21,35,0,0,0,4,0,4,2,1,1,0,0,0,0,0,0.6931471805599453,48,20,28,2,0,2,0,0,0,0,0,0
221731,72,30,42,0,0,0,3,2,1,5,3,2,1,0,1,0,0,0.6931471805599453,63,25,38,0,0,0,0,0,0,0,0,0
221740,506,258,248,0,0,0,40,29,11,34,14,20,12,8,4,3,2,0.0,384,186,198,3,0,3,3,1,2,27,18,9
221759,1753,931,822,5,4,1,167,115,52,83,40,43,80,42,38,0,0,0.0,1334,679,655,13,4,9,3,3,0,68,44,24
221768,281,154,127,0,0,0,11,6,5,16,7,9,6,4,2,0,0,0.6931471805599453,239,132,107,0,0,0,2,0,2,7,5,2
221838,360,186,174,1,0,1,46,32,14,154,69,85,10,3,7,1,0,0.6931471805599453,122,67,55,7,4,3,1,0,1,18,11,7
221847,440,251,189,2,1,1,33,25,8,12,7,5,11,7,4,1,1,0.0,350,190,160,8,4,4,2,2,0,21,14,7
221892,101,58,43,0,0,0,3,2,1,7,2,5,0,0,0,0,0,0.0,88,53,35,0,0,0,2,1,1,1,0,1
221908,122,55,67,0,0,0,1,1,0,2,2,0,2,2,0,0,0,0.0,114,48,66,3,2,1,0,0,0,0,0,0
221953,55,33,22,1,1,0,2,2,0,1,1,0,3,3,0,0,0,0.0,47,25,22,0,0,0,0,0,0,1,1,0
221971,201,110,91,0,0,0,3,0,3,13,6,7,1,0,1,1,0,0.0,177,100,77,2,2,0,4,2,2,0,0,0
221999,1334,681,653,2,2,0,84,49,35,50,22,28,53,24,29,1,1,0.0,822,435,387,13,7,6,261,118,143,48,23,25
222053,137,63,74,1,0,1,0,0,0,13,6,7,5,4,1,0,0,0.0,113,51,62,3,1,2,1,1,0,1,0,1
222062,158,62,96,0,0,0,1,1,0,3,2,1,1,1,0,1,0,0.0,147,54,93,1,1,0,3,2,1,1,1,0
222105,24,23,1,0,0,0,0,0,0,4,4,0,0,0,0,0,0,0.0,20,19,1,0,0,0,0,0,0,0,0,0
222178,286,149,137,1,0,1,4,3,1,20,9,11,11,5,6,0,0,0.0,242,128,114,4,2,2,2,1,1,2,1,1
222567,118,52,66,2,2,0,1,0,1,11,4,7,13,5,8,1,1,0.0,85,37,48,1,1,0,4,2,2,0,0,0
222576,178,69,109,1,0,1,5,2,3,4,0,4,12,4,8,0,0,0.0,149,59,90,0,0,0,7,4,3,0,0,0
222628,14,8,6,0,0,0,0,0,0,2,1,1,1,0,1,0,0,0.0,11,7,4,0,0,0,0,0,0,0,0,0
222822,92,33,59,0,0,0,1,0,1,9,3,6,3,2,1,0,0,0.0,77,27,50,2,1,1,0,0,0,0,0,0
222831,300,164,136,5,1,4,16,13,3,6,2,4,29,13,16,0,0,0.0,227,124,103,0,0,0,6,5,1,11,6,5
222877,6,3,3,0,0,0,0,0,0,1,0,1,0,0,0,0,0,0.0,5,3,2,0,0,0,0,0,0,0,0,0
222938,5,4,1,0,0,0,0,0,0,1,1,0,1,1,0,0,0,0.0,2,1,1,0,0,0,1,1,0,0,0,0
222983,101,60,41,2,1,1,6,2,4,6,3,3,7,3,4,0,0,0.0,78,51,27,2,0,2,0,0,0,0,0,0
222992,616,277,339,2,0,2,37,16,21,55,26,29,100,45,55,2,2,0.0,408,181,227,12,7,5,0,0,0,0,0,0
223001,22,14,8,0,0,0,1,0,1,3,2,1,4,4,0,0,0,0.0,13,7,6,0,0,0,0,0,0,1,1,0
223083,24,1,23,0,0,0,2,0,2,0,0,0,7,1,6,0,0,0.0,13,0,13,2,0,2,0,0,0,0,0,0
223223,3480,1577,1903,8,3,5,900,461,439,237,54,183,253,108,145,3,1,0.0,1484,661,823,84,37,47,511,252,259,0,0,0
223232,1117,593,524,0,0,0,78,50,28,45,13,32,60,33,27,1,1,0.0,870,468,402,22,12,10,18,5,13,23,11,12
223320,51,20,31,0,0,0,0,0,0,2,1,1,22,8,14,0,0,0.0,23,8,15,1,1,0,3,2,1,0,0,0
223427,337,166,171,0,0,0,10,6,4,11,5,6,19,10,9,2,2,0.0,284,139,145,2,0,2,1,1,0,8,3,5
223463,11,5,6,0,0,0,1,1,0,3,1,2,1,1,0,0,0,0.0,4,2,2,0,0,0,2,0,2,0,0,0
223472,7,1,6,0,0,0,0,0,0,2,0,2,3,1,2,0,0,0.0,2,0,2,0,0,0,0,0,0,0,0,0
223506,99,59,40,2,2,0,6,4,2,11,5,6,8,4,4,0,0,0.0,71,43,28,1,1,0,0,0,0,0,0,0
223816,176,91,85,0,0,0,3,1,2,24,13,11,24,10,14,4,1,0.0,117,65,52,4,1,3,0,0,0,0,0,0
223898,80,35,45,1,0,1,0,0,0,0,0,0,6,3,3,0,0,0.0,72,32,40,0,0,0,1,0,1,0,0,0
223922,39,22,17,0,0,0,0,0,0,0,0,0,2,1,1,0,0,0.0,35,19,16,0,0,0,1,1,0,1,1,0
224004,53,23,30,1,0,1,1,0,1,5,2,3,5,2,3,0,0,0.0,37,17,20,2,1,1,2,1,1,0,0,0
224110,139,48,91,2,1,1,3,1,2,3,1,2,13,6,7,0,0,0.0,112,38,74,5,1,4,1,0,1,0,0,0
224147,411,206,205,2,1,1,53,28,25,7,6,1,55,24,31,0,0,0.0,245,117,128,8,4,4,10,6,4,31,20,11
224226,104,62,42,0,0,0,8,7,1,5,2,3,5,3,2,0,0,0.0,86,50,36,0,0,0,0,0,0,0,0,0
224244,6,4,2,0,0,0,0,0,0,1,1,0,0,0,0,0,0,0.0,5,3,2,0,0,0,0,0,0,0,0,0
224271,6,3,3,0,0,0,0,0,0,1,0,1,0,0,0,0,0,0.0,4,3,1,1,0,1,0,0,0,0,0,0
224305,74,68,6,1,1,0,7,7,0,6,4,2,3,3,0,0,0,0.0,57,53,4,0,0,0,0,0,0,0,0,0
224323,135,79,56,0,0,0,5,2,3,3,2,1,16,10,6,0,0,0.0,103,61,42,3,2,1,4,1,3,1,1,0
224350,338,175,163,3,2,1,13,8,5,8,0,8,117,50,67,2,2,0.0,193,111,82,1,1,0,1,1,0,0,0,0
224527,73,38,35,1,0,1,2,2,0,4,3,1,1,0,1,0,0,0.0,65,33,32,0,0,0,0,0,0,0,0,0
224545,100,51,49,0,0,0,11,8,3,8,3,5,6,3,3,0,0,0.0,63,30,33,0,0,0,6,2,4,6,5,1
224554,356,180,176,0,0,0,47,28,19,30,11,19,23,11,12,2,0,0.0,222,112,110,1,1,0,5,3,2,26,14,12
224615,916,425,491,5,1,4,87,39,48,187,70,117,127,69,58,0,0,0.0,451,219,232,16,8,8,37,18,19,6,1,5
224642,391,170,221,0,0,0,2,0,2,4,1,3,245,100,145,0,0,0.0,122,60,62,0,0,0,1,0,1,17,9,8
224660,33,22,11,0,0,0,2,1,1,3,3,0,14,10,4,0,0,0.0,8,5,3,6,3,3,0,0,0,0,0,0
224679,76,63,13,0,0,0,0,0,0,1,1,0,63,52,11,1,1,0.0,9,8,1,2,1,1,0,0,0,0,0,0
224712,16,7,9,0,0,0,1,0,1,4,2,2,3,0,3,0,0,0.0,8,5,3,0,0,0,0,0,0,0,0,0
224776,4,2,2,0,0,0,0,0,0,0,0,0,0,0,0,0,0,0.0,4,2,2,0,0,0,0,0,0,0,0,0
224891,28,14,14,0,0,0,0,0,0,0,0,0,0,0,0,0,0,0.0,27,14,13,1,0,1,0,0,0,0,0,0
224961,62,29,33,0,0,0,2,0,2,7,4,3,13,4,9,0,0,0.0,40,21,19,0,0,0,0,0,0,0,0,0
225070,116,42,74,2,0,2,3,1,2,5,0,5,1,0,1,0,0,0.0,100,38,62,5,3,2,0,0,0,0,0,0
225201,30,19,11,1,1,0,1,1,0,3,3,0,11,5,6,0,0,0.0,13,9,4,1,0,1,0,0,0,0,0,0
225247,88,51,37,0,0,0,1,1,0,2,2,0,1,0,1,0,0,0.0,82,47,35,0,0,0,2,1,1,0,0,0
225308,157,77,80,0,0,0,0,0,0,10,7,3,6,3,3,0,0,0.0,140,67,73,0,0,0,1,0,1,0,0,0
225371,83,43,40,0,0,0,6,4,2,6,2,4,2,2,0,0,0,0.0,69,35,34,0,0,0,0,0,0,0,0,0
225399,134,78,56,1,1,0,7,5,2,15,2,13,11,8,3,0,0,0.0,91,57,34,3,3,0,6,2,4,0,0,0
225414,288,141,147,0,0,0,51,30,21,20,4,16,25,5,20,0,0,0.0,162,87,75,7,2,5,1,1,0,22,12,10
225423,849,408,441,0,0,0,104,36,68,223,95,128,91,53,38,1,1,0.0,419,219,200,8,2,6,3,2,1,0,0,0
225432,357,184,173,1,0,1,72,44,28,33,16,17,48,23,25,0,0,0.0,168,88,80,9,4,5,5,1,4,21,8,13
225502,124,65,59,0,0,0,25,15,10,8,4,4,18,8,10,0,0,0.0,56,29,27,2,0,2,1,0,1,14,9,5
225511,1529,878,651,1,1,0,321,197,124,90,32,58,140,72,68,0,0,0.0,859,510,349,18,9,9,14,5,9,86,52,34
225520,101,47,54,0,0,0,3,3,0,2,0,2,13,8,5,0,0,0.0,83,36,47,0,0,0,0,0,0,0,0,0
225548,55,34,21,0,0,0,1,1,0,1,0,1,5,4,1,0,0,0.0,48,29,19,0,0,0,0,0,0,0,0,0
225575,43,21,22,0,0,0,3,1,2,21,8,13,9,7,2,0,0,0.0,10,5,5,0,0,0,0,0,0,0,0,0
225627,349,153,196,3,1,2,29,13,16,13,5,8,84,33,51,0,0,0.0,207,96,111,4,0,4,0,0,0,9,5,4
225876,6,2,4,0,0,0,0,0,0,0,0,0,0,0,0,0,0,0.0,6,2,4,0,0,0,0,0,0,0,0,0
225885,34,19,15,0,0,0,3,3,0,26,12,14,2,2,0,0,0,0.0,3,2,1,0,0,0,0,0,0,0,0,0
226019,132,60,72,0,0,0,0,0,0,8,2,6,10,4,6,0,0,0.0,113,54,59,1,0,1,0,0,0,0,0,0
226091,405,203,202,2,0,2,23,14,9,16,4,12,20,11,9,1,1,0.0,253,114,139,0,0,0,16,11,5,74,48,26
226107,40,17,23,0,0,0,2,1,1,1,0,1,2,2,0,0,0,0.0,35,14,21,0,0,0,0,0,0,0,0,0
226116,58,22,36,0,0,0,1,0,1,10,1,9,4,2,2,0,0,0.0,41,17,24,1,1,0,0,0,0,1,1,0
226134,165,90,75,1,0,1,7,5,2,1,1,0,140,74,66,0,0,0.0,15,9,6,0,0,0,1,1,0,0,0,0
226152,243,127,116,0,0,0,39,19,20,5,4,1,92,41,51,0,0,0.0,79,44,35,1,0,1,5,1,4,22,18,4
226204,164,81,83,0,0,0,7,3,4,20,9,11,20,7,13,0,0,0.0,111,58,53,3,2,1,3,2,1,0,0,0
226231,94,68,26,0,0,0,4,3,1,6,4,2,2,2,0,0,0,0.0,78,57,21,0,0,0,1,0,1,3,2,1
226277,62,60,2,0,0,0,1,1,0,8,8,0,8,8,0,0,0,0.0,45,43,2,0,0,0,0,0,0,0,0,0
226383,87,43,44,0,0,0,1,0,1,2,0,2,5,3,2,0,0,0.0,78,40,38,0,0,0,1,0,1,0,0,0
226408,109,44,65,1,1,0,3,1,2,20,8,12,13,3,10,0,0,0.0,69,30,39,3,1,2,0,0,0,0,0,0
226471,165,73,92,1,0,1,13,8,5,8,4,4,4,1,3,1,1,0.0,128,54,74,3,2,1,4,2,2,3,1,2
226578,203,76,127,0,0,0,2,0,2,14,2,12,16,7,9,0,0,0.0,171,67,104,0,0,0,0,0,0,0,0,0
226587,75,44,31,0,0,0,3,2,1,2,2,0,4,2,2,0,0,0.0,66,38,28,0,0,0,0,0,0,0,0,0
226806,136,62,74,1,1,0,3,2,1,8,1,7,25,10,15,0,0,0.0,97,46,51,0,0,0,2,2,0,0,0,0
226833,234,109,125,2,0,2,9,5,4,4,0,4,11,5,6,0,0,0.0,174,78,96,2,2,0,1,0,1,31,19,12
226879,9,5,4,0,0,0,0,0,0,1,0,1,0,0,0,0,0,0.0,8,5,3,0,0,0,0,0,0,0,0,0
226903,91,48,43,0,0,0,0,0,0,4,1,3,66,38,28,0,0,0.0,19,9,10,0,0,0,2,0,2,0,0,0
227146,108,32,76,0,0,0,4,1,3,8,0,8,6,4,2,0,0,0.0,90,27,63,0,0,0,0,0,0,0,0,0
227182,879,384,495,4,0,4,66,19,47,116,38,78,115,61,54,8,3,0.0,538,254,284,10,1,9,22,8,14,0,0,0
227216,1200,526,674,20,2,18,151,74,77,86,44,42,150,48,102,3,1,0.0,673,297,376,29,10,19,53,28,25,35,22,13
227225,67,27,40,0,0,0,0,0,0,1,1,0,4,3,1,0,0,0.0,61,22,39,1,1,0,0,0,0,0,0,0
227289,23,13,10,0,0,0,0,0,0,1,0,1,5,2,3,0,0,0.0,16,10,6,0,0,0,0,0,0,1,1,0
227304,134,72,62,9,8,1,7,3,4,9,3,6,27,14,13,3,3,0.0,79,41,38,0,0,0,0,0,0,0,0,0
227331,104,34,70,0,0,0,2,0,2,8,4,4,38,13,25,0,0,0.0,54,15,39,1,1,0,0,0,0,1,1,0
227368,1357,765,592,2,0,2,198,120,78,37,24,13,542,256,286,1,1,0.0,455,278,177,5,4,1,39,26,13,78,56,22
227377,94,46,48,0,0,0,2,0,2,2,2,0,60,29,31,0,0,0.0,19,9,10,0,0,0,0,0,0,11,6,5
227386,70,28,42,1,0,1,1,0,1,11,6,5,0,0,0,0,0,0.0,56,22,34,1,0,1,0,0,0,0,0,0
227401,78,44,34,1,0,1,0,0,0,3,1,2,3,2,1,0,0,0.0,69,39,30,2,2,0,0,0,0,0,0,0
227429,13,5,8,0,0,0,0,0,0,9,4,5,2,0,2,0,0,0.0,2,1,1,0,0,0,0,0,0,0,0,0
227526,435,247,188,0,0,0,85,56,29,232,112,120,18,11,7,1,1,0.0,76,53,23,5,0,5,1,1,0,17,13,4
227687,34,13,21,0,0,0,1,1,0,1,0,1,1,1,0,0,0,0.0,31,11,20,0,0,0,0,0,0,0,0,0
227757,746,478,268,1,0,1,104,64,40,27,12,15,60,38,22,0,0,0.0,485,321,164,11,5,6,16,11,5,42,27,15
227845,158,69,89,0,0,0,15,10,5,8,3,5,14,3,11,0,0,0.0,119,53,66,2,0,2,0,0,0,0,0,0
227854,242,133,109,1,0,1,6,4,2,29,11,18,87,46,41,0,0,0.0,101,64,37,18,8,10,0,0,0,0,0,0
227863,133,73,60,0,0,0,12,3,9,8,2,6,20,10,10,0,0,0.0,79,50,29,2,2,0,2,1,1,10,5,5
227881,823,391,432,3,1,2,82,42,40,41,14,27,70,35,35,0,0,0.0,584,279,305,8,2,6,0,0,0,35,18,17
227924,285,132,153,1,0,1,11,2,9,17,8,9,81,41,40,0,0,0.0,163,76,87,12,5,7,0,0,0,0,0,0
227979,486,205,281,1,0,1,24,8,16,72,21,51,66,29,37,0,0,0.0,295,132,163,11,6,5,0,0,0,17,9,8
228042,54,31,23,0,0,0,0,0,0,2,1,1,3,3,0,0,0,0.0,48,26,22,0,0,0,0,0,0,1,1,0
228149,210,125,85,2,2,0,22,18,4,11,8,3,35,22,13,1,1,0.0,133,70,63,0,0,0,3,2,1,3,2,1
228158,260,123,137,4,1,3,4,3,1,4,1,3,25,14,11,1,0,0.0,221,104,117,0,0,0,1,0,1,0,0,0
228194,49,28,21,0,0,0,1,1,0,5,2,3,2,1,1,1,0,0.0,40,24,16,0,0,0,0,0,0,0,0,0
228246,743,419,324,0,0,0,85,58,27,37,14,23,48,23,25,0,0,0.0,536,300,236,5,3,2,0,0,0,32,21,11
228316,123,59,64,0,0,0,2,1,1,0,0,0,84,44,40,0,0,0.0,34,13,21,0,0,0,0,0,0,3,1,2
228325,67,42,25,1,1,0,4,1,3,2,2,0,3,3,0,0,0,0.0,57,35,22,0,0,0,0,0,0,0,0,0
228343,123,51,72,1,1,0,14,3,11,5,2,3,16,5,11,0,0,0.0,83,38,45,1,0,1,2,1,1,1,1,0
228431,490,243,247,1,0,1,15,7,8,17,9,8,23,14,9,0,0,0.0,404,195,209,12,6,6,0,0,0,18,12,6
228459,1299,654,645,3,3,0,95,59,36,38,22,16,158,74,84,0,0,0.0,853,421,432,15,6,9,80,38,42,57,31,26
228468,50,27,23,0,0,0,0,0,0,5,4,1,12,6,6,0,0,0.0,28,14,14,1,1,0,4,2,2,0,0,0
228486,6,5,1,0,0,0,0,0,0,6,5,1,0,0,0,0,0,0.0,0,0,0,0,0,0,0,0,0,0,0,0
228501,81,43,38,0,0,0,4,4,0,2,1,1,20,9,11,0,0,0.0,48,23,25,1,0,1,3,3,0,3,3,0
228529,458,230,228,4,2,2,24,16,8,19,7,12,33,16,17,0,0,0.0,344,170,174,5,3,2,14,6,8,15,10,5
228547,651,291,360,11,2,9,42,17,25,88,32,56,68,36,32,0,0,0.0,432,198,234,2,0,2,8,6,2,0,0,0
228608,139,63,76,1,1,0,3,2,1,5,3,2,6,3,3,0,0,0.0,122,53,69,1,1,0,1,0,1,0,0,0
228635,1767,974,793,1,1,0,517,277,240,88,37,51,122,71,51,1,0,0.0,840,482,358,24,12,12,129,62,67,45,32,13
228644,836,442,394,1,1,0,168,91,77,26,12,14,147,63,84,1,0,0.0,432,246,186,4,2,2,40,20,20,17,7,10
228653,636,321,315,2,2,0,157,87,70,38,11,27,60,30,30,1,1,0.0,351,176,175,6,4,2,1,1,0,20,9,11
228699,87,28,59,0,0,0,0,0,0,10,2,8,3,1,2,0,0,0.0,73,25,48,1,0,1,0,0,0,0,0,0
228705,304,194,110,3,3,0,56,41,15,7,6,1,60,34,26,0,0,0.0,143,85,58,4,3,1,11,8,3,20,14,6
228723,3137,1959,1178,4,2,2,517,355,162,117,62,55,219,129,90,4,2,0.0,1913,1184,729,30,17,13,151,97,54,182,111,71
228769,1067,548,519,2,0,2,234,155,79,68,18,50,75,45,30,1,0,0.0,575,284,291,13,6,7,96,38,58,3,2,1
228778,2848,1589,1259,8,2,6,339,203,136,140,65,75,298,136,162,0,0,0.0,1875,1076,799,35,16,19,0,0,0,153,91,62
228787,914,588,326,1,0,1,279,191,88,19,11,8,24,19,5,0,0,0.0,468,285,183,24,18,6,99,64,35,0,0,0
228796,776,427,349,0,0,0,92,57,35,12,9,3,296,139,157,0,0,0.0,304,174,130,12,8,4,7,7,0,53,33,20
228802,430,208,222,1,0,1,68,41,27,23,13,10,26,13,13,0,0,0.0,291,124,167,2,1,1,3,2,1,16,14,2
228866,22,12,10,0,0,0,0,0,0,0,0,0,3,3,0,0,0,0.6931471805599453,19,9,10,0,0,0,0,0,0,0,0,0
228875,710,356,354,9,4,5,64,36,28,44,13,31,40,23,17,0,0,0.6931471805599453,521,266,255,4,1,3,8,5,3,20,8,12
228884,24,12,12,0,0,0,4,3,1,13,6,7,0,0,0,0,0,0.0,7,3,4,0,0,0,0,0,0,0,0,0
228909,230,97,133,2,2,0,47,23,24,13,4,9,17,7,10,2,2,0.0,135,50,85,4,2,2,3,1,2,7,6,1
228981,98,44,54,0,0,0,2,0,2,0,0,0,19,9,10,0,0,0.6931471805599453,71,33,38,0,0,0,1,0,1,5,2,3
229018,166,96,70,0,0,0,31,22,9,5,1,4,23,9,14,0,0,0.6931471805599453,95,56,39,1,0,1,1,1,0,10,7,3
229027,1036,609,427,4,4,0,159,109,50,32,18,14,207,109,98,0,0,0.0,509,293,216,12,5,7,74,43,31,39,28,11
229063,370,176,194,0,0,0,52,29,23,249,102,147,14,7,7,0,0,0.0,46,32,14,0,0,0,0,0,0,9,6,3
229115,1502,870,632,3,0,3,206,145,61,36,16,20,130,66,64,1,1,0.6931471805599453,1026,583,443,15,4,11,1,0,1,84,55,29
229160,91,43,48,0,0,0,8,6,2,4,1,3,9,7,2,0,0,0.6931471805599453,68,28,40,1,0,1,1,1,0,0,0,0
229179,458,109,349,3,0,3,59,18,41,34,4,30,31,8,23,3,1,0.0,309,75,234,9,1,8,10,2,8,0,0,0
229267,263,146,117,1,0,1,22,10,12,6,4,2,34,19,15,0,0,0.0,187,106,81,2,2,0,5,2,3,6,3,3
229300,1961,1026,935,3,3,0,620,344,276,124,36,88,198,95,103,1,1,0.6931471805599453,816,443,373,20,6,14,76,44,32,103,54,49
229337,751,349,402,4,2,2,145,83,62,42,17,25,58,20,38,0,0,0.6931471805599453,502,227,275,0,0,0,0,0,0,0,0,0
229355,346,143,203,1,0,1,1,0,1,14,3,11,10,5,5,0,0,0.0,303,126,177,4,2,2,13,7,6,0,0,0
229416,58,58,0,1,1,0,0,0,0,4,4,0,14,14,0,0,0,0.0,39,39,0,0,0,0,0,0,0,0,0,0
229504,78,32,46,0,0,0,0,0,0,3,1,2,4,1,3,0,0,0.6931471805599453,71,30,41,0,0,0,0,0,0,0,0,0
229540,84,33,51,0,0,0,0,0,0,1,0,1,12,6,6,0,0,0.6931471805599453,68,26,42,0,0,0,1,0,1,2,1,1
229780,97,61,36,1,0,1,4,2,2,4,3,1,6,3,3,0,0,0.6931471805599453,78,52,26,3,1,2,1,0,1,0,0,0
229799,133,44,89,0,0,0,6,4,2,6,3,3,4,3,1,0,0,0.0,112,33,79,0,0,0,5,1,4,0,0,0
229814,353,183,170,2,2,0,25,14,11,2,2,0,19,9,10,0,0,0.0,271,132,139,0,0,0,5,3,2,29,21,8
229832,47,27,20,1,1,0,0,0,0,0,0,0,7,5,2,0,0,0.0,39,21,18,0,0,0,0,0,0,0,0,0
229841,161,64,97,1,0,1,11,5,6,20,3,17,16,10,6,0,0,0.6931471805599453,109,45,64,0,0,0,4,1,3,0,0,0
229887,30,14,16,0,0,0,1,0,1,22,10,12,1,0,1,0,0,0.0,5,3,2,0,0,0,0,0,0,1,1,0
230038,1289,997,292,0,0,0,24,12,12,5,4,1,13,8,5,3,2,0.0,1203,947,256,39,23,16,1,1,0,1,0,1
230047,124,94,30,0,0,0,11,6,5,2,1,1,3,2,1,17,9,0.0,79,69,10,2,0,2,5,3,2,5,4,1
230171,254,131,123,3,2,1,14,6,8,1,1,0,8,4,4,1,1,0.0,211,106,105,0,0,0,1,0,1,15,11,4
230366,9,1,8,0,0,0,0,0,0,0,0,0,0,0,0,0,0,0.0,4,0,4,1,0,1,4,1,3,0,0,0
230418,17,11,6,0,0,0,0,0,0,1,0,1,0,0,0,0,0,0.6931471805599453,16,11,5,0,0,0,0,0,0,0,0,0
230597,150,97,53,0,0,0,1,0,1,1,0,1,1,1,0,0,0,0.6931471805599453,146,96,50,0,0,0,1,0,1,0,0,0
230603,377,236,141,0,0,0,9,6,3,3,3,0,10,4,6,2,1,0.0,328,210,118,6,2,4,4,3,1,15,7,8
230728,1054,613,441,5,3,2,74,48,26,11,9,2,55,29,26,1,1,0.0,854,494,360,12,4,8,42,25,17,0,0,0
230737,793,494,299,3,2,1,50,25,25,7,5,2,26,10,16,4,2,0.6931471805599453,635,404,231,16,10,6,32,22,10,20,14,6
230746,334,176,158,3,2,1,11,5,6,8,1,7,27,14,13,0,0,0.6931471805599453,282,152,130,1,1,0,2,1,1,0,0,0
230764,2417,1401,1016,8,3,5,257,160,97,33,19,14,111,59,52,4,1,0.0,1720,989,731,34,15,19,156,95,61,94,60,34
230782,579,302,277,4,3,1,28,13,15,4,2,2,23,13,10,1,0,0.0,491,256,235,9,4,5,3,2,1,16,9,7
230807,111,53,58,0,0,0,5,2,3,3,2,1,7,1,6,0,0,0.0,83,43,40,1,1,0,11,3,8,1,1,0
230816,60,28,32,0,0,0,4,0,4,4,2,2,3,3,0,0,0,0.0,44,21,23,0,0,0,1,0,1,4,2,2
230834,79,36,43,0,0,0,0,0,0,1,1,0,1,0,1,0,0,0.6931471805599453,33,14,19,0,0,0,44,21,23,0,0,0
230852,107,64,43,3,2,1,2,2,0,2,1,1,1,0,1,0,0,0.6931471805599453,83,50,33,2,2,0,14,7,7,0,0,0
230889,9,3,6,0,0,0,0,0,0,4,1,3,1,0,1,0,0,0.0,4,2,2,0,0,0,0,0,0,0,0,0
230913,57,32,25,0,0,0,0,0,0,0,0,0,0,0,0,0,0,0.0,47,26,21,0,0,0,10,6,4,0,0,0
230959,327,179,148,0,0,0,25,14,11,11,8,3,18,11,7,0,0,0.0,212,116,96,5,2,3,45,25,20,11,3,8
230995,153,84,69,0,0,0,4,2,2,1,1,0,4,1,3,0,0,0.6931471805599453,131,70,61,0,0,0,9,8,1,4,2,2
231059,108,55,53,0,0,0,2,0,2,0,0,0,1,0,1,0,0,0.0,96,52,44,0,0,0,3,2,1,6,1,5
231068,5,1,4,0,0,0,0,0,0,0,0,0,0,0,0,0,0,0.0,5,1,4,0,0,0,0,0,0,0,0,0
231095,14,6,8,0,0,0,0,0,0,0,0,0,0,0,0,0,0,0.0,10,4,6,2,1,1,2,1,1,0,0,0
231147,45,14,31,0,0,0,2,0,2,2,0,2,1,0,1,0,0,0.0,32,11,21,3,1,2,5,2,3,0,0,0
231165,81,38,43,0,0,0,4,3,1,0,0,0,3,2,1,0,0,0.0,61,25,36,0,0,0,13,8,5,0,0,0
231174,747,383,364,0,0,0,48,27,21,10,8,2,32,16,16,0,0,0.0,608,307,301,14,8,6,14,9,5,21,8,13
231411,19,18,1,0,0,0,1,1,0,2,2,0,1,1,0,0,0,0.6931471805599453,15,14,1,0,0,0,0,0,0,0,0,0
231420,55,29,26,0,0,0,0,0,0,4,2,2,0,0,0,0,0,0.6931471805599453,48,25,23,2,1,1,1,1,0,0,0,0
231536,67,32,35,0,0,0,2,1,1,2,2,0,0,0,0,0,0,0.6931471805599453,63,29,34,0,0,0,0,0,0,0,0,0
231554,39,21,18,0,0,0,1,1,0,0,0,0,1,0,1,0,0,0.6931471805599453,37,20,17,0,0,0,0,0,0,0,0,0
231581,94,49,45,0,0,0,1,0,1,0,0,0,7,0,7,1,1,0.0,79,45,34,0,0,0,0,0,0,6,3,3
231624,670,377,293,1,1,0,61,37,24,34,10,24,24,13,11,0,0,0.0,462,265,197,10,6,4,61,33,28,17,12,5
231651,143,93,50,2,1,1,3,1,2,18,9,9,5,3,2,2,1,0.0,112,78,34,1,0,1,0,0,0,0,0,0
231697,65,33,32,1,1,0,3,1,2,4,1,3,3,1,2,0,0,0.0,54,29,25,0,0,0,0,0,0,0,0,0
231712,280,160,120,0,0,0,24,15,9,6,3,3,6,2,4,0,0,0.6931471805599453,238,138,100,1,0,1,5,2,3,0,0,0
231785,36,6,30,0,0,0,2,0,2,17,3,14,0,0,0,0,0,0.6931471805599453,13,3,10,2,0,2,2,0,2,0,0,0
231873,20,6,14,0,0,0,0,0,0,0,0,0,0,0,0,0,0,0.0,20,6,14,0,0,0,0,0,0,0,0,0
231882,55,38,17,0,0,0,2,1,1,5,2,3,1,0,1,0,0,0.0,47,35,12,0,0,0,0,0,0,0,0,0
231970,236,119,117,0,0,0,35,18,17,16,8,8,8,4,4,2,1,0.0,172,86,86,3,2,1,0,0,0,0,0,0
232025,98,35,63,0,0,0,1,0,1,4,1,3,2,1,1,0,0,0.0,84,30,54,1,1,0,5,1,4,1,1,0
232043,85,37,48,0,0,0,4,1,3,2,2,0,1,0,1,0,0,0.0,66,29,37,0,0,0,9,5,4,3,0,3
232052,15,6,9,0,0,0,2,0,2,2,0,2,1,1,0,0,0,0.0,10,5,5,0,0,0,0,0,0,0,0,0
232089,62,31,31,0,0,0,2,2,0,2,0,2,0,0,0,0,0,0.0,52,28,24,0,0,0,6,1,5,0,0,0
232186,1468,784,684,4,3,1,227,138,89,92,43,49,50,26,24,0,0,0.0,933,479,454,27,14,13,43,29,14,92,52,40
232195,108,33,75,1,0,1,5,2,3,14,6,8,3,0,3,0,0,0.0,84,25,59,1,0,1,0,0,0,0,0,0
232256,99,64,35,0,0,0,2,0,2,1,1,0,3,2,1,0,0,0.0,86,56,30,1,0,1,6,5,1,0,0,0
232265,217,116,101,0,0,0,32,24,8,127,58,69,2,1,1,0,0,0.0,56,33,23,0,0,0,0,0,0,0,0,0
232308,84,36,48,0,0,0,2,1,1,7,5,2,3,3,0,1,1,0.0,63,23,40,3,1,2,1,1,0,4,1,3
232414,106,46,60,1,1,0,4,2,2,23,8,15,2,1,1,0,0,0.0,76,34,42,0,0,0,0,0,0,0,0,0
232423,1048,500,548,2,0,2,66,33,33,44,19,25,38,18,20,0,0,0.0,796,384,412,15,7,8,50,25,25,37,14,23
232450,116,45,71,0,0,0,6,1,5,19,7,12,2,0,2,0,0,0.0,87,36,51,2,1,1,0,0,0,0,0,0
232557,735,431,304,5,3,2,31,21,10,58,19,39,24,14,10,0,0,0.0,606,369,237,0,0,0,11,5,6,0,0,0
232566,247,116,131,0,0,0,6,4,2,7,1,6,8,3,5,0,0,0.0,223,105,118,0,0,0,0,0,0,3,3,0
232575,70,24,46,1,0,1,1,1,0,2,2,0,0,0,0,0,0,0.0,65,21,44,1,0,1,0,0,0,0,0,0
232609,184,84,100,0,0,0,6,4,2,0,0,0,2,2,0,0,0,0.0,175,78,97,0,0,0,0,0,0,1,0,1
232618,25,0,25,0,0,0,0,0,0,1,0,1,0,0,0,0,0,0.0,23,0,23,1,0,1,0,0,0,0,0,0
232672,95,30,65,0,0,0,2,2,0,6,3,3,5,2,3,0,0,0.0,81,23,58,1,0,1,0,0,0,0,0,0
232681,236,112,124,0,0,0,31,15,16,10,3,7,12,6,6,0,0,0.0,182,88,94,1,0,1,0,0,0,0,0,0
232706,155,44,111,2,0,2,9,0,9,15,8,7,7,3,4,1,0,0.0,111,32,79,2,0,2,8,1,7,0,0,0
232788,44,20,24,0,0,0,0,0,0,1,1,0,1,0,1,0,0,0.0,42,19,23,0,0,0,0,0,0,0,0,0
232797,24,5,19,0,0,0,2,1,1,3,1,2,1,1,0,0,0,0.0,16,2,14,2,0,2,0,0,0,0,0,0
232867,47,26,21,0,0,0,1,1,0,0,0,0,0,0,0,0,0,0.0,45,25,20,1,0,1,0,0,0,0,0,0
232885,36,0,36,0,0,0,1,0,1,9,0,9,1,0,1,0,0,0.0,25,0,25,0,0,0,0,0,0,0,0,0
232937,220,120,100,1,1,0,30,21,9,119,54,65,4,3,1,1,1,0.0,61,36,25,0,0,0,0,0,0,4,4,0
232946,582,249,333,1,1,0,84,37,47,77,37,40,20,7,13,0,0,0.0,392,164,228,7,3,4,1,0,1,0,0,0
232982,856,449,407,1,0,1,113,72,41,57,19,38,33,18,15,0,0,0.0,544,267,277,10,6,4,50,37,13,48,30,18
233019,46,22,24,0,0,0,0,0,0,2,1,1,0,0,0,0,0,0.0,42,19,23,2,2,0,0,0,0,0,0,0
233037,17,6,11,0,0,0,0,0,0,5,0,5,0,0,0,0,0,0.0,12,6,6,0,0,0,0,0,0,0,0,0
233082,9,0,9,0,0,0,0,0,0,2,0,2,2,0,2,0,0,0.0,5,0,5,0,0,0,0,0,0,0,0,0
233116,76,32,44,0,0,0,9,6,3,5,1,4,2,1,1,0,0,0.0,60,24,36,0,0,0,0,0,0,0,0,0
233277,462,203,259,1,1,0,35,21,14,11,8,3,9,3,6,0,0,0.0,395,167,228,5,2,3,2,0,2,4,1,3
233295,125,53,72,0,0,0,6,0,6,7,1,6,2,2,0,1,0,0.0,108,50,58,1,0,1,0,0,0,0,0,0
233301,53,20,33,0,0,0,5,0,5,1,0,1,1,1,0,0,0,0.0,44,19,25,2,0,2,0,0,0,0,0,0
233310,30,10,20,0,0,0,2,2,0,4,1,3,0,0,0,0,0,0.0,24,7,17,0,0,0,0,0,0,0,0,0
233329,15,2,13,0,0,0,0,0,0,4,0,4,1,0,1,0,0,0.0,8,1,7,1,0,1,1,1,0,0,0,0
233338,32,14,18,0,0,0,0,0,0,3,1,2,0,0,0,0,0,0.0,28,12,16,0,0,0,1,1,0,0,0,0
233356,39,3,36,0,0,0,0,0,0,1,1,0,0,0,0,0,0,0.0,38,2,36,0,0,0,0,0,0,0,0,0
233374,435,222,213,1,1,0,22,9,13,35,16,19,23,12,11,0,0,0.0,331,173,158,2,1,1,6,4,2,15,6,9
233408,30,0,30,0,0,0,1,0,1,5,0,5,0,0,0,0,0,0.0,23,0,23,1,0,1,0,0,0,0,0,0
233426,155,72,83,0,0,0,7,4,3,1,1,0,6,2,4,0,0,0.0,138,63,75,1,1,0,1,0,1,1,1,0
233541,265,113,152,0,0,0,15,4,11,19,9,10,7,4,3,1,1,0.0,210,89,121,1,1,0,8,3,5,4,2,2
233602,5,5,0,0,0,0,0,0,0,0,0,0,0,0,0,0,0,0.0,5,5,0,0,0,0,0,0,0,0,0,0
233611,54,38,16,0,0,0,0,0,0,0,0,0,2,0,2,0,0,0.0,47,35,12,0,0,0,5,3,2,0,0,0
233639,47,20,27,0,0,0,0,0,0,5,3,2,0,0,0,0,0,0.0,42,17,25,0,0,0,0,0,0,0,0,0
233648,54,22,32,0,0,0,1,0,1,0,0,0,0,0,0,0,0,0.0,53,22,31,0,0,0,0,0,0,0,0,0
233718,48,21,27,0,0,0,4,1,3,2,0,2,1,1,0,0,0,0.0,41,19,22,0,0,0,0,0,0,0,0,0
233754,81,31,50,1,1,0,3,2,1,14,5,9,2,1,1,0,0,0.0,60,22,38,1,0,1,0,0,0,0,0,0
233772,266,122,144,0,0,0,11,3,8,41,16,25,3,0,3,0,0,0.0,201,99,102,10,4,6,0,0,0,0,0,0
233842,25,13,12,0,0,0,2,1,1,5,3,2,1,1,0,1,0,0.0,16,8,8,0,0,0,0,0,0,0,0,0
233897,102,53,49,0,0,0,5,1,4,4,2,2,4,1,3,0,0,0.0,88,49,39,0,0,0,0,0,0,1,0,1
233903,38,15,23,0,0,0,0,0,0,1,1,0,0,0,0,0,0,0.0,37,14,23,0,0,0,0,0,0,0,0,0
233921,2172,1379,793,5,3,2,297,205,92,78,44,34,96,52,44,2,2,0.0,1535,972,563,18,12,6,18,9,9,123,80,43
233949,77,33,44,0,0,0,4,3,1,1,0,1,0,0,0,0,0,0.0,70,28,42,2,2,0,0,0,0,0,0,0
234030,2201,1202,999,4,4,0,352,229,123,170,70,100,84,42,42,2,1,0.0,1467,784,683,25,10,15,13,11,2,84,51,33
234076,2441,1425,1016,4,2,2,283,161,122,123,57,66,76,38,38,1,1,0.0,1777,1073,704,23,12,11,34,14,20,120,67,53
234085,149,98,51,0,0,0,14,7,7,4,4,0,1,0,1,0,0,0.0,129,86,43,0,0,0,1,1,0,0,0,0
234137,5,5,0,0,0,0,0,0,0,4,4,0,0,0,0,0,0,0.0,1,1,0,0,0,0,0,0,0,0,0,0
234155,279,144,135,0,0,0,44,31,13,161,70,91,6,2,4,0,0,0.0,68,41,27,0,0,0,0,0,0,0,0,0
234164,56,32,24,0,0,0,3,3,0,34,19,15,0,0,0,0,0,0.0,11,8,3,3,0,3,5,2,3,0,0,0
234173,85,42,43,0,0,0,1,1,0,5,0,5,4,2,2,0,0,0.0,75,39,36,0,0,0,0,0,0,0,0,0
234207,263,143,120,0,0,0,14,6,8,11,3,8,16,10,6,0,0,0.0,192,114,78,3,2,1,11,3,8,16,5,11
234377,33,9,24,0,0,0,0,0,0,0,0,0,0,0,0,0,0,0.0,33,9,24,0,0,0,0,0,0,0,0,0
234669,204,81,123,2,0,2,30,6,24,10,4,6,4,1,3,1,1,0.0,130,59,71,13,4,9,7,3,4,7,3,4
234696,72,35,37,1,1,0,1,0,1,0,0,0,0,0,0,0,0,0.0,68,34,34,2,0,2,0,0,0,0,0,0
234711,48,29,19,0,0,0,2,1,1,0,0,0,3,2,1,0,0,0.0,40,26,14,3,0,3,0,0,0,0,0,0
234827,478,259,219,4,4,0,35,19,16,10,4,6,31,17,14,4,4,0.0,385,206,179,7,4,3,0,0,0,2,1,1
234845,67,29,38,0,0,0,1,1,0,2,1,1,2,1,1,0,0,0.0,61,25,36,0,0,0,1,1,0,0,0,0
234915,31,15,16,0,0,0,6,4,2,1,0,1,2,0,2,0,0,0.0,9,9,0,12,1,11,1,1,0,0,0,0
234933,177,71,106,0,0,0,13,4,9,4,2,2,4,2,2,0,0,0.0,140,54,86,11,7,4,5,2,3,0,0,0
234951,105,50,55,0,0,0,1,0,1,7,4,3,2,0,2,1,0,0.0,76,36,40,11,6,5,7,4,3,0,0,0
234979,138,69,69,0,0,0,11,6,5,3,2,1,8,3,5,1,1,0.0,106,50,56,7,6,1,2,1,1,0,0,0
235024,60,21,39,0,0,0,1,1,0,2,1,1,4,1,3,0,0,0.0,24,14,10,5,0,5,24,4,20,0,0,0
235097,401,198,203,2,0,2,30,16,14,8,5,3,16,11,5,0,0,0.0,324,157,167,12,4,8,0,0,0,9,5,4
235103,104,47,57,1,0,1,8,3,5,3,0,3,1,0,1,0,0,0.0,79,36,43,5,3,2,7,5,2,0,0,0
235149,122,53,69,1,0,1,7,0,7,3,2,1,4,2,2,0,0,0.0,90,41,49,11,6,5,6,2,4,0,0,0
235167,94,43,51,4,3,1,11,3,8,2,1,1,7,2,5,0,0,0.0,60,29,31,2,0,2,6,3,3,2,2,0
235237,136,54,82,1,1,0,14,7,7,9,3,6,4,3,1,0,0,0.0,92,34,58,15,5,10,1,1,0,0,0,0
235316,459,255,204,3,2,1,28,18,10,10,5,5,18,7,11,0,0,0.0,340,187,153,3,0,3,27,19,8,30,17,13
235334,59,33,26,0,0,0,1,0,1,1,1,0,1,1,0,0,0,0.0,53,29,24,2,1,1,1,1,0,0,0,0
235343,174,88,86,3,3,0,17,12,5,6,4,2,5,2,3,1,1,0.0,120,56,64,9,2,7,13,8,5,0,0,0
235422,56,23,33,5,1,4,2,1,1,3,1,2,5,1,4,0,0,0.0,36,17,19,4,2,2,0,0,0,1,0,1
235431,156,60,96,0,0,0,24,7,17,14,9,5,11,6,5,1,1,0.0,91,30,61,7,3,4,8,4,4,0,0,0
235547,45,14,31,0,0,0,7,2,5,0,0,0,0,0,0,0,0,0.0,35,12,23,3,0,3,0,0,0,0,0,0
235671,68,40,28,0,0,0,5,2,3,5,4,1,2,1,1,0,0,0.0,49,29,20,7,4,3,0,0,0,0,0,0
235699,85,31,54,0,0,0,8,3,5,0,0,0,2,0,2,0,0,0.0,70,28,42,2,0,2,3,0,3,0,0,0
235750,71,32,39,0,0,0,0,0,0,1,1,0,0,0,0,0,0,0.0,63,28,35,3,1,2,4,2,2,0,0,0
236072,81,33,48,1,0,1,15,7,8,5,3,2,3,2,1,1,0,0.0,44,17,27,6,1,5,6,3,3,0,0,0
236133,59,27,32,0,0,0,4,0,4,3,2,1,0,0,0,0,0,0.0,45,23,22,3,0,3,4,2,2,0,0,0
236188,133,56,77,1,0,1,4,2,2,5,3,2,4,3,1,4,3,0.0,106,41,65,3,1,2,6,3,3,0,0,0
236212,52,45,7,0,0,0,1,1,0,0,0,0,3,3,0,0,0,0.0,44,38,6,2,2,0,2,1,1,0,0,0
236230,175,74,101,0,0,0,17,5,12,2,2,0,14,5,9,0,0,0.0,138,60,78,0,0,0,1,0,1,3,2,1
236258,43,21,22,0,0,0,2,1,1,0,0,0,0,0,0,1,0,0.0,38,18,20,1,1,0,1,1,0,0,0,0
236328,205,91,114,0,0,0,13,3,10,8,3,5,7,1,6,0,0,0.0,146,69,77,5,2,3,23,11,12,3,2,1
236382,76,39,37,1,0,1,7,4,3,7,4,3,3,1,2,0,0,0.0,49,25,24,8,5,3,1,0,1,0,0,0
236452,104,51,53,0,0,0,5,3,2,3,3,0,2,1,1,0,0,0.0,91,41,50,1,1,0,0,0,0,2,2,0
236504,78,40,38,0,0,0,9,5,4,2,1,1,3,1,2,0,0,0.0,44,23,21,5,1,4,15,9,6,0,0,0
236513,118,45,73,0,0,0,16,3,13,15,7,8,6,1,5,0,0,0.0,69,29,40,7,2,5,5,3,2,0,0,0
236577,195,92,103,0,0,0,20,7,13,6,3,3,6,4,2,0,0,0.0,129,63,66,3,1,2,12,6,6,19,8,11
236595,524,230,294,3,1,2,66,28,38,17,7,10,34,10,24,0,0,0.0,312,135,177,3,1,2,85,47,38,4,1,3
236610,125,49,76,0,0,0,15,7,8,5,3,2,2,1,1,0,0,0.0,89,31,58,7,4,3,7,3,4,0,0,0
236638,95,39,56,0,0,0,6,3,3,1,0,1,4,4,0,0,0,0.0,77,29,48,6,2,4,1,1,0,0,0,0
236656,102,47,55,0,0,0,9,4,5,3,2,1,1,0,1,0,0,0.0,75,32,43,9,5,4,5,4,1,0,0,0
236692,200,98,102,2,2,0,5,2,3,2,2,0,3,0,3,0,0,0.0,178,85,93,4,3,1,6,4,2,0,0,0
236708,131,63,68,0,0,0,7,2,5,1,1,0,1,1,0,0,0,0.0,111,52,59,7,4,3,4,3,1,0,0,0
236753,133,57,76,0,0,0,13,5,8,7,3,4,6,4,2,2,0,0.0,91,36,55,7,4,3,7,5,2,0,0,0
236887,99,51,48,4,3,1,2,1,1,2,0,2,1,0,1,1,0,0.0,85,45,40,2,1,1,2,1,1,0,0,0
236896,81,45,36,0,0,0,4,1,3,2,1,1,7,2,5,0,0,0.0,62,36,26,6,5,1,0,0,0,0,0,0
236939,1373,767,606,12,6,6,134,84,50,17,10,7,42,19,23,5,3,0.0,706,375,331,15,7,8,384,225,159,58,38,20
236948,5242,2672,2570,24,9,15,912,459,453,143,51,92,267,128,139,7,4,0.0,3210,1661,1549,109,40,69,399,214,185,171,106,65
236975,84,39,45,0,0,0,4,0,4,2,1,1,3,2,1,1,1,0.0,68,30,38,6,5,1,0,0,0,0,0,0
237011,684,362,322,5,3,2,44,17,27,6,4,2,40,22,18,1,0,0.0,465,250,215,23,12,11,44,22,22,56,32,24
237039,88,33,55,2,0,2,4,0,4,0,0,0,2,0,2,0,0,0.0,75,29,46,4,3,1,1,1,0,0,0,0
237057,182,97,85,0,0,0,12,3,9,5,3,2,10,5,5,1,1,0.0,138,73,65,1,1,0,7,5,2,8,6,2
237066,192,101,91,0,0,0,7,6,1,6,6,0,8,3,5,0,0,0.0,165,85,80,0,0,0,1,0,1,5,1,4
237109,134,65,69,2,2,0,3,1,2,3,3,0,16,6,10,0,0,0.0,105,49,56,2,2,0,3,2,1,0,0,0
237118,47,25,22,0,0,0,3,2,1,0,0,0,0,0,0,0,0,0.0,43,23,20,0,0,0,1,0,1,0,0,0
237136,14,9,5,0,0,0,0,0,0,0,0,0,0,0,0,0,0,0.0,14,9,5,0,0,0,0,0,0,0,0,0
237181,42,26,16,0,0,0,2,1,1,4,2,2,0,0,0,0,0,0.0,35,22,13,0,0,0,0,0,0,1,1,0
237215,64,33,31,0,0,0,5,4,1,4,3,1,1,1,0,0,0,0.0,52,24,28,2,1,1,0,0,0,0,0,0
237312,117,41,76,0,0,0,4,3,1,3,1,2,3,2,1,1,1,0.0,99,31,68,0,0,0,7,3,4,0,0,0
237330,103,50,53,0,0,0,5,4,1,6,3,3,0,0,0,0,0,0.0,92,43,49,0,0,0,0,0,0,0,0,0
237358,44,17,27,0,0,0,1,0,1,0,0,0,0,0,0,0,0,0.0,43,17,26,0,0,0,0,0,0,0,0,0
237367,154,71,83,0,0,0,3,3,0,3,2,1,4,3,1,0,0,0.0,137,59,78,2,1,1,3,2,1,2,1,1
237385,60,41,19,0,0,0,1,1,0,0,0,0,3,3,0,0,0,0.0,50,34,16,0,0,0,2,1,1,4,2,2
237525,810,454,356,3,1,2,110,76,34,31,19,12,18,11,7,0,0,0.0,630,338,292,1,0,1,6,4,2,11,5,6
237686,68,29,39,0,0,0,2,1,1,0,0,0,0,0,0,0,0,0.0,63,25,38,1,1,0,2,2,0,0,0,0
237701,53,21,32,0,0,0,0,0,0,1,1,0,0,0,0,0,0,0.0,45,17,28,0,0,0,5,1,4,2,2,0
237783,31,16,15,0,0,0,2,2,0,3,2,1,0,0,0,0,0,0.0,23,12,11,0,0,0,3,0,3,0,0,0
237792,129,62,67,0,0,0,7,4,3,4,2,2,2,2,0,0,0,0.0,114,52,62,0,0,0,0,0,0,2,2,0
237817,58,18,40,1,1,0,1,0,1,0,0,0,0,0,0,0,0,0.0,56,17,39,0,0,0,0,0,0,0,0,0
237880,55,29,26,0,0,0,3,2,1,1,0,1,0,0,0,0,0,0.0,51,27,24,0,0,0,0,0,0,0,0,0
237899,100,60,40,0,0,0,11,8,3,11,5,6,1,1,0,0,0,0.0,71,40,31,0,0,0,6,6,0,0,0,0
237932,144,63,81,0,0,0,6,2,4,1,1,0,1,1,0,0,0,0.0,135,59,76,1,0,1,0,0,0,0,0,0
237950,85,49,36,0,0,0,9,7,2,2,1,1,1,0,1,0,0,0.0,57,30,27,0,0,0,11,7,4,5,4,1
237969,61,30,31,0,0,0,3,3,0,0,0,0,0,0,0,0,0,0.0,56,27,29,2,0,2,0,0,0,0,0,0
237987,10,5,5,0,0,0,0,0,0,1,0,1,0,0,0,0,0,0.0,9,5,4,0,0,0,0,0,0,0,0,0
237996,12,1,11,0,0,0,0,0,0,0,0,0,0,0,0,0,0,0.0,12,1,11,0,0,0,0,0,0,0,0,0
238014,55,21,34,0,0,0,2,1,1,1,0,1,1,1,0,0,0,0.0,51,19,32,0,0,0,0,0,0,0,0,0
238032,1379,757,622,1,1,0,133,91,42,27,17,10,30,20,10,0,0,0.0,973,506,467,9,9,0,149,84,65,57,29,28
238078,32,15,17,0,0,0,1,0,1,1,1,0,0,0,0,0,0,0.0,26,11,15,0,0,0,4,3,1,0,0,0
238193,87,15,72,0,0,0,1,0,1,6,1,5,4,1,3,0,0,0.0,76,13,63,0,0,0,0,0,0,0,0,0
238263,428,197,231,3,1,2,13,8,5,16,10,6,19,12,7,0,0,0.0,359,158,201,0,0,0,18,8,10,0,0,0
238324,26,2,24,0,0,0,0,0,0,0,0,0,0,0,0,0,0,1.3862943611198906,20,2,18,0,0,0,6,0,6,0,0,0
238333,84,42,42,0,0,0,4,0,4,4,2,2,7,5,2,0,0,1.3862943611198906,62,30,32,2,1,1,0,0,0,5,4,1
238397,78,38,40,1,0,1,1,1,0,5,5,0,1,0,1,0,0,0.6931471805599453,63,29,34,4,1,3,3,2,1,0,0,0
238430,46,19,27,0,0,0,2,0,2,4,3,1,0,0,0,0,0,0.0,40,16,24,0,0,0,0,0,0,0,0,0
238458,151,54,97,0,0,0,2,2,0,1,0,1,5,2,3,0,0,0.0,137,47,90,0,0,0,3,1,2,3,2,1
238476,146,77,69,0,0,0,8,5,3,4,2,2,1,1,0,0,0,1.0986122886681098,125,67,58,1,0,1,7,2,5,0,0,0
238616,229,106,123,1,1,0,0,0,0,6,1,5,3,2,1,0,0,0.6931471805599453,217,102,115,2,0,2,0,0,0,0,0,0
238661,89,32,57,0,0,0,7,3,4,1,0,1,3,1,2,0,0,0.6931471805599453,75,28,47,1,0,1,0,0,0,2,0,2
238722,293,160,133,1,0,1,5,3,2,1,1,0,2,1,1,0,0,0.0,274,151,123,0,0,0,10,4,6,0,0,0
238759,233,105,128,0,0,0,9,4,5,14,6,8,10,4,6,1,0,0.0,197,91,106,2,0,2,0,0,0,0,0,0
238980,32,15,17,0,0,0,1,0,1,0,0,0,1,0,1,0,0,0.0,25,13,12,0,0,0,5,2,3,0,0,0
239008,95,43,52,0,0,0,4,3,1,2,1,1,1,1,0,0,0,0.0,88,38,50,0,0,0,0,0,0,0,0,0
239017,173,83,90,1,0,1,10,2,8,3,2,1,14,5,9,0,0,0.0,136,70,66,5,1,4,1,1,0,3,2,1
239071,49,32,17,0,0,0,2,1,1,0,0,0,0,0,0,0,0,0.0,43,29,14,0,0,0,4,2,2,0,0,0
239080,51,20,31,0,0,0,1,1,0,0,0,0,1,0,1,0,0,1.0986122886681098,43,18,25,0,0,0,6,1,5,0,0,0
239105,653,329,324,1,1,0,53,32,21,31,12,19,33,17,16,0,0,1.0986122886681098,506,248,258,7,3,4,0,0,0,22,16,6
239169,1734,989,745,1,1,0,366,215,151,47,19,28,56,32,24,1,0,1.0986122886681098,1248,716,532,15,6,9,0,0,0,0,0,0
239220,83,36,47,0,0,0,0,0,0,0,0,0,0,0,0,0,0,1.0986122886681098,78,34,44,0,0,0,5,2,3,0,0,0
239248,512,234,278,5,3,2,23,10,13,94,26,68,41,17,24,0,0,0.0,339,174,165,1,0,1,9,4,5,0,0,0
239309,55,28,27,0,0,0,3,1,2,4,3,1,0,0,0,0,0,0.0,45,24,21,3,0,3,0,0,0,0,0,0
239318,164,104,60,0,0,0,12,11,1,2,0,2,3,2,1,0,0,0.0,143,89,54,3,1,2,0,0,0,1,1,0
239372,132,61,71,0,0,0,0,0,0,1,0,1,1,1,0,0,0,0.0,126,58,68,2,1,1,2,1,1,0,0,0
239390,67,7,60,0,0,0,0,0,0,5,1,4,4,1,3,1,0,1.0986122886681098,56,5,51,0,0,0,1,0,1,0,0,0
239424,8,8,0,0,0,0,0,0,0,0,0,0,0,0,0,0,0,1.0986122886681098,7,7,0,0,0,0,0,0,0,1,1,0
239442,52,24,28,1,0,1,1,0,1,1,0,1,0,0,0,0,0,0.0,48,24,24,1,0,1,0,0,0,0,0,0
239460,142,74,68,0,0,0,6,2,4,0,0,0,0,0,0,0,0,0.0,128,67,61,3,2,1,5,3,2,0,0,0
239488,254,125,129,2,2,0,5,3,2,2,0,2,1,0,1,0,0,0.0,241,118,123,2,2,0,1,0,1,0,0,0
239512,48,25,23,0,0,0,1,1,0,0,0,0,0,0,0,0,0,0.0,43,21,22,0,0,0,4,3,1,0,0,0
239628,52,29,23,0,0,0,0,0,0,3,1,2,2,1,1,0,0,0.0,44,25,19,1,0,1,0,0,0,2,2,0
239716,140,68,72,0,0,0,6,4,2,2,2,0,4,1,3,0,0,0.0,118,57,61,1,1,0,1,0,1,8,3,5
239910,68,30,38,0,0,0,0,0,0,0,0,0,1,0,1,0,0,0.0,67,30,37,0,0,0,0,0,0,0,0,0
240107,100,46,54,0,0,0,2,2,0,2,2,0,4,2,2,0,0,0.0,84,34,50,0,0,0,8,6,2,0,0,0
240116,220,103,117,0,0,0,1,0,1,1,1,0,2,2,0,0,0,0.0,215,99,116,1,1,0,0,0,0,0,0,0
240125,192,89,103,1,1,0,1,1,0,7,5,2,8,5,3,0,0,0.0,171,75,96,0,0,0,4,2,2,0,0,0
240170,188,82,106,2,2,0,3,1,2,0,0,0,1,1,0,0,0,0.0,179,76,103,1,1,0,2,1,1,0,0,0
240189,460,243,217,1,0,1,53,30,23,11,7,4,17,7,10,0,0,0.0,350,176,174,5,5,0,6,6,0,17,12,5
240198,146,63,83,2,1,1,0,0,0,1,0,1,0,0,0,0,0,0.0,142,61,81,0,0,0,1,1,0,0,0,0
240268,427,202,225,1,0,1,46,22,24,10,5,5,16,8,8,0,0,0.0,316,149,167,6,3,3,19,9,10,13,6,7
240277,253,126,127,4,1,3,28,18,10,5,4,1,7,4,3,0,0,0.0,184,82,102,3,2,1,5,2,3,17,13,4
240329,456,230,226,1,0,1,37,21,16,5,4,1,12,8,4,0,0,0.0,353,164,189,4,4,0,23,16,7,21,13,8
240338,63,35,28,0,0,0,0,0,0,0,0,0,0,0,0,0,0,0.0,63,35,28,0,0,0,0,0,0,0,0,0
240365,407,214,193,2,0,2,26,10,16,6,4,2,5,1,4,0,0,0.0,342,184,158,5,2,3,15,9,6,6,4,2
240374,157,86,71,1,1,0,26,17,9,8,5,3,7,3,4,0,0,0.0,104,55,49,1,0,1,4,2,2,6,3,3
240392,58,6,52,0,0,0,0,0,0,9,1,8,3,0,3,0,0,0.0,45,5,40,1,0,1,0,0,0,0,0,0
240417,279,151,128,0,0,0,27,12,15,6,4,2,4,2,2,0,0,0.0,223,121,102,4,1,3,6,3,3,9,8,1
240426,111,49,62,0,0,0,8,3,5,2,2,0,2,1,1,0,0,0.0,95,41,54,0,0,0,3,2,1,1,0,1
240444,3746,2104,1642,12,6,6,439,251,188,100,35,65,146,76,70,3,0,0.0,2562,1448,1114,54,25,29,265,163,102,165,100,65
240453,945,488,457,1,1,0,143,89,54,39,14,25,41,19,22,0,0,0.0,681,342,339,9,5,4,1,1,0,30,17,13
240462,269,159,110,1,1,0,38,20,18,8,5,3,5,2,3,1,1,0.0,206,121,85,1,1,0,1,1,0,8,7,1
240471,211,117,94,1,1,0,14,7,7,5,3,2,8,5,3,0,0,0.0,169,94,75,2,1,1,3,1,2,9,5,4
240480,308,162,146,0,0,0,18,9,9,3,3,0,9,7,2,0,0,0.0,270,140,130,2,1,1,2,1,1,4,1,3
240505,121,63,58,0,0,0,2,2,0,0,0,0,2,1,1,0,0,0.0,104,53,51,0,0,0,13,7,6,0,0,0
240514,57,23,34,1,0,1,0,0,0,0,0,0,3,3,0,0,0,0.0,52,20,32,0,0,0,1,0,1,0,0,0
240596,34,12,22,0,0,0,0,0,0,0,0,0,0,0,0,0,0,0.0,34,12,22,0,0,0,0,0,0,0,0,0
240620,121,43,78,0,0,0,2,0,2,1,0,1,7,3,4,0,0,0.0,107,38,69,1,1,0,3,1,2,0,0,0
240657,51,30,21,0,0,0,1,0,1,1,1,0,2,1,1,0,0,0.0,47,28,19,0,0,0,0,0,0,0,0,0
240666,88,38,50,1,1,0,0,0,0,1,0,1,0,0,0,0,0,0.0,86,37,49,0,0,0,0,0,0,0,0,0
240693,66,36,30,1,1,0,1,1,0,0,0,0,3,1,2,0,0,0.0,60,33,27,0,0,0,1,0,1,0,0,0
240718,61,58,3,0,0,0,0,0,0,0,0,0,0,0,0,0,0,0.0,58,55,3,3,3,0,0,0,0,0,0,0
240727,710,381,329,3,1,2,40,28,12,8,3,5,18,6,12,1,1,0.0,442,236,206,1,0,1,176,94,82,21,12,9
240736,76,35,41,0,0,0,5,3,2,0,0,0,0,0,0,66,29,0.0,5,3,2,0,0,0,0,0,0,0,0,0
240745,49,21,28,0,0,0,18,7,11,0,0,0,0,0,0,24,11,0.0,7,3,4,0,0,0,0,0,0,0,0,0
240754,135,69,66,0,0,0,45,22,23,2,1,1,1,1,0,40,14,0.0,41,28,13,5,2,3,0,0,0,1,1,0
240790,35,15,20,0,0,0,6,2,4,2,1,1,0,0,0,11,3,0.0,15,9,6,0,0,0,0,0,0,1,0,1
241100,7,4,3,0,0,0,0,0,0,0,0,0,4,4,0,0,0,0.0,0,0,0,0,0,0,0,0,0,3,0,3
241128,4,1,3,0,0,0,0,0,0,0,0,0,3,0,3,0,0,0.0,1,1,0,0,0,0,0,0,0,0,0,0
241191,30,17,13,0,0,0,0,0,0,0,0,0,30,17,13,0,0,0.0,0,0,0,0,0,0,0,0,0,0,0,0
241216,53,28,25,0,0,0,0,0,0,0,0,0,53,28,25,0,0,0.0,0,0,0,0,0,0,0,0,0,0,0,0
241225,17,7,10,0,0,0,0,0,0,0,0,0,17,7,10,0,0,0.0,0,0,0,0,0,0,0,0,0,0,0,0
241304,49,16,33,0,0,0,0,0,0,0,0,0,49,16,33,0,0,0.0,0,0,0,0,0,0,0,0,0,0,0,0
241331,34,15,19,0,0,0,0,0,0,0,0,0,34,15,19,0,0,0.0,0,0,0,0,0,0,0,0,0,0,0,0
241377,20,11,9,0,0,0,0,0,0,0,0,0,20,11,9,0,0,0.0,0,0,0,0,0,0,0,0,0,0,0,0
241395,20,8,12,0,0,0,0,0,0,0,0,0,20,8,12,0,0,0.0,0,0,0,0,0,0,0,0,0,0,0,0
241410,202,92,110,0,0,0,0,0,0,0,0,0,197,89,108,0,0,0.0,5,3,2,0,0,0,0,0,0,0,0,0
241517,3,1,2,0,0,0,0,0,0,0,0,0,3,1,2,0,0,0.0,0,0,0,0,0,0,0,0,0,0,0,0
241614,15,9,6,0,0,0,0,0,0,0,0,0,15,9,6,0,0,0.0,0,0,0,0,0,0,0,0,0,0,0,0
241720,18,7,11,0,0,0,0,0,0,0,0,0,18,7,11,0,0,0.0,0,0,0,0,0,0,0,0,0,0,0,0
241739,118,35,83,0,0,0,0,0,0,0,0,0,116,34,82,0,0,0.0,2,1,1,0,0,0,0,0,0,0,0,0
241766,39,28,11,0,0,0,0,0,0,0,0,0,36,26,10,0,0,0.0,3,2,1,0,0,0,0,0,0,0,0,0
241836,38,10,28,0,0,0,0,0,0,0,0,0,38,10,28,0,0,0.0,0,0,0,0,0,0,0,0,0,0,0,0
241951,25,12,13,0,0,0,0,0,0,0,0,0,25,12,13,0,0,0.0,0,0,0,0,0,0,0,0,0,0,0,0
242042,37,16,21,0,0,0,0,0,0,0,0,0,37,16,21,0,0,0.0,0,0,0,0,0,0,0,0,0,0,0,0
242112,15,3,12,0,0,0,0,0,0,0,0,0,15,3,12,0,0,0.0,0,0,0,0,0,0,0,0,0,0,0,0
242121,7,5,2,0,0,0,0,0,0,0,0,0,7,5,2,0,0,0.0,0,0,0,0,0,0,0,0,0,0,0,0
242130,12,3,9,0,0,0,0,0,0,0,0,0,12,3,9,0,0,0.0,0,0,0,0,0,0,0,0,0,0,0,0
242149,9,4,5,0,0,0,0,0,0,0,0,0,9,4,5,0,0,0.0,0,0,0,0,0,0,0,0,0,0,0,0
242556,31,14,17,0,0,0,0,0,0,0,0,0,31,14,17,0,0,0.0,0,0,0,0,0,0,0,0,0,0,0,0
242583,36,19,17,0,0,0,0,0,0,0,0,0,36,19,17,0,0,0.0,0,0,0,0,0,0,0,0,0,0,0,0
242617,66,26,40,12,4,8,0,0,0,0,0,0,53,22,31,0,0,0.0,1,0,1,0,0,0,0,0,0,0,0,0
242626,72,30,42,0,0,0,0,0,0,0,0,0,72,30,42,0,0,0.0,0,0,0,0,0,0,0,0,0,0,0,0
242635,67,32,35,0,0,0,0,0,0,0,0,0,67,32,35,0,0,0.0,0,0,0,0,0,0,0,0,0,0,0,0
242644,22,11,11,0,0,0,2,2,0,0,0,0,20,9,11,0,0,0.0,0,0,0,0,0,0,0,0,0,0,0,0
242653,134,66,68,0,0,0,0,0,0,1,0,1,129,64,65,0,0,0.0,4,2,2,0,0,0,0,0,0,0,0,0
242662,81,34,47,0,0,0,0,0,0,0,0,0,79,33,46,0,0,0.0,2,1,1,0,0,0,0,0,0,0,0,0
242680,26,10,16,0,0,0,0,0,0,0,0,0,26,10,16,0,0,0.0,0,0,0,0,0,0,0,0,0,0,0,0
242699,36,12,24,0,0,0,0,0,0,0,0,0,36,12,24,0,0,0.0,0,0,0,0,0,0,0,0,0,0,0,0
242705,81,42,39,0,0,0,1,1,0,0,0,0,80,41,39,0,0,0.0,0,0,0,0,0,0,0,0,0,0,0,0
242723,18,11,7,0,0,0,0,0,0,0,0,0,18,11,7,0,0,0.6931471805599453,0,0,0,0,0,0,0,0,0,0,0,0
242972,242,82,160,0,0,0,0,0,0,0,0,0,217,58,159,0,0,0.6931471805599453,1,0,1,0,0,0,0,0,0,24,24,0
243081,132,47,85,0,0,0,0,0,0,0,0,0,125,42,83,0,0,0.0,7,5,2,0,0,0,0,0,0,0,0,0
243106,80,39,41,0,0,0,0,0,0,0,0,0,77,39,38,0,0,0.0,1,0,1,0,0,0,2,0,2,0,0,0
243115,137,61,76,0,0,0,0,0,0,0,0,0,137,61,76,0,0,0.6931471805599453,0,0,0,0,0,0,0,0,0,0,0,0
243133,152,74,78,0,0,0,0,0,0,0,0,0,152,74,78,0,0,0.0,0,0,0,0,0,0,0,0,0,0,0,0
243142,94,50,44,0,0,0,0,0,0,1,1,0,93,49,44,0,0,0.0,0,0,0,0,0,0,0,0,0,0,0,0
243151,105,53,52,0,0,0,0,0,0,0,0,0,105,53,52,0,0,0.0,0,0,0,0,0,0,0,0,0,0,0,0
243160,9,5,4,0,0,0,0,0,0,0,0,0,4,3,1,1,0,0.0,0,0,0,0,0,0,4,2,2,0,0,0
243179,149,75,74,1,1,0,0,0,0,0,0,0,139,69,70,0,0,0.0,5,2,3,0,0,0,4,3,1,0,0,0
243188,29,15,14,0,0,0,0,0,0,0,0,0,29,15,14,0,0,0.0,0,0,0,0,0,0,0,0,0,0,0,0
243197,436,283,153,0,0,0,0,0,0,0,0,0,388,251,137,0,0,0.6931471805599453,0,0,0,0,0,0,48,32,16,0,0,0
243203,575,232,343,1,1,0,6,2,4,0,0,0,547,220,327,0,0,0.0,21,9,12,0,0,0,0,0,0,0,0,0
243212,77,36,41,0,0,0,0,0,0,0,0,0,77,36,41,0,0,0.6931471805599453,0,0,0,0,0,0,0,0,0,0,0,0
243221,722,394,328,0,0,0,7,6,1,0,0,0,660,354,306,0,0,0.0,14,10,4,0,0,0,41,24,17,0,0,0
243346,91,36,55,0,0,0,0,0,0,1,1,0,87,34,53,0,0,0.0,3,1,2,0,0,0,0,0,0,0,0,0
243443,70,32,38,0,0,0,0,0,0,0,0,0,67,29,38,0,0,0.0,2,2,0,1,1,0,0,0,0,0,0,0
243498,5,4,1,0,0,0,0,0,0,0,0,0,5,4,1,0,0,0.0,0,0,0,0,0,0,0,0,0,0,0,0
243568,51,21,30,0,0,0,1,0,1,0,0,0,40,15,25,0,0,0.0,10,6,4,0,0,0,0,0,0,0,0,0
243577,134,88,46,0,0,0,0,0,0,0,0,0,131,86,45,0,0,0.0,0,0,0,0,0,0,3,2,1,0,0,0
243586,34,15,19,0,0,0,0,0,0,0,0,0,33,14,19,0,0,0.0,1,1,0,0,0,0,0,0,0,0,0,0
243601,145,65,80,0,0,0,0,0,0,0,0,0,141,62,79,0,0,0.0,2,1,1,0,0,0,2,2,0,0,0,0
243638,86,56,30,0,0,0,25,16,9,2,1,1,0,0,0,47,30,0.0,12,9,3,0,0,0,0,0,0,0,0,0
243647,26,12,14,0,0,0,8,6,2,0,0,0,0,0,0,17,6,0.0,1,0,1,0,0,0,0,0,0,0,0,0
243665,112,50,62,0,0,0,2,2,0,52,20,32,5,3,2,0,0,0.0,48,23,25,0,0,0,5,2,3,0,0,0
243744,3853,2205,1648,8,3,5,808,406,402,109,43,66,198,114,84,2,1,0.0,1834,1137,697,81,33,48,423,219,204,390,249,141
243780,2159,1423,736,4,3,1,453,319,134,65,41,24,113,74,39,1,1,0.0,1286,843,443,26,14,12,45,26,19,166,102,64
243823,96,53,43,0,0,0,6,3,3,11,3,8,12,7,5,0,0,0.0,67,40,27,0,0,0,0,0,0,0,0,0
243832,55,17,38,0,0,0,0,0,0,0,0,0,55,17,38,0,0,0.0,0,0,0,0,0,0,0,0,0,0,0,0
243841,11,2,9,0,0,0,0,0,0,0,0,0,11,2,9,0,0,0.0,0,0,0,0,0,0,0,0,0,0,0,0
244233,5,2,3,0,0,0,1,1,0,1,0,1,1,0,1,0,0,0.0,2,1,1,0,0,0,0,0,0,0,0,0
244437,380,164,216,1,1,0,28,11,17,79,30,49,13,9,4,1,1,0.0,245,104,141,3,1,2,1,1,0,9,6,3
244446,83,38,45,1,1,0,2,2,0,56,24,32,1,1,0,0,0,0.0,23,10,13,0,0,0,0,0,0,0,0,0
245625,23,8,15,0,0,0,0,0,0,1,0,1,1,0,1,0,0,0.0,21,8,13,0,0,0,0,0,0,0,0,0
245652,42,27,15,0,0,0,3,2,1,1,1,0,1,1,0,0,0,0.0,37,23,14,0,0,0,0,0,0,0,0,0
245838,37,18,19,0,0,0,3,0,3,7,1,6,3,1,2,0,0,0.0,21,14,7,1,1,0,1,0,1,1,1,0
245847,8,2,6,0,0,0,1,0,1,1,0,1,1,0,1,0,0,0.0,5,2,3,0,0,0,0,0,0,0,0,0
245865,60,13,47,0,0,0,3,1,2,8,1,7,3,1,2,0,0,0.0,44,9,35,1,0,1,1,1,0,0,0,0
245883,62,9,53,0,0,0,11,2,9,7,1,6,1,0,1,0,0,0.0,39,5,34,3,1,2,1,0,1,0,0,0
245892,21,11,10,0,0,0,1,1,0,2,0,2,1,1,0,0,0,0.0,13,7,6,1,1,0,3,1,2,0,0,0
245953,35,18,17,3,3,0,0,0,0,2,1,1,0,0,0,0,0,0.0,23,12,11,1,0,1,4,1,3,2,1,1
245962,8,0,8,1,0,1,0,0,0,1,0,1,0,0,0,0,0,0.0,5,0,5,1,0,1,0,0,0,0,0,0
246354,141,74,67,1,1,0,8,4,4,6,4,2,65,30,35,0,0,0.0,54,31,23,7,4,3,0,0,0,0,0,0
246813,102,45,57,1,1,0,1,0,1,14,4,10,2,1,1,0,0,0.0,84,39,45,0,0,0,0,0,0,0,0,0
246974,11,4,7,0,0,0,0,0,0,5,1,4,3,1,2,0,0,0.0,3,2,1,0,0,0,0,0,0,0,0,0
247065,6,1,5,0,0,0,0,0,0,1,1,0,0,0,0,0,0,0.0,5,0,5,0,0,0,0,0,0,0,0,0
247603,25,11,14,0,0,0,0,0,0,0,0,0,0,0,0,0,0,0.0,25,11,14,0,0,0,0,0,0,0,0,0
247649,48,24,24,0,0,0,0,0,0,0,0,0,2,2,0,0,0,0.0,46,22,24,0,0,0,0,0,0,0,0,0
247834,541,234,307,5,2,3,36,13,23,33,13,20,21,9,12,0,0,0.0,399,177,222,5,4,1,13,7,6,29,9,20
247940,73,36,37,0,0,0,0,0,0,1,0,1,1,1,0,0,0,0.0,67,31,36,2,2,0,2,2,0,0,0,0
248934,386,140,246,0,0,0,16,8,8,80,26,54,18,8,10,0,0,0.0,262,93,169,6,2,4,1,0,1,3,3,0
250027,32,13,19,0,0,0,0,0,0,0,0,0,0,0,0,0,0,0.0,32,13,19,0,0,0,0,0,0,0,0,0
251260,95,43,52,0,0,0,1,0,1,10,7,3,1,0,1,0,0,0.0,83,36,47,0,0,0,0,0,0,0,0,0
251312,8,3,5,0,0,0,0,0,0,1,0,1,0,0,0,0,0,0.0,7,3,4,0,0,0,0,0,0,0,0,0
260372,15,5,10,4,2,2,0,0,0,1,0,1,0,0,0,0,0,0.0,10,3,7,0,0,0,0,0,0,0,0,0
260691,25,5,20,0,0,0,1,0,1,1,0,1,2,0,2,0,0,0.0,21,5,16,0,0,0,0,0,0,0,0,0
260789,21,6,15,1,1,0,2,1,1,0,0,0,4,2,2,0,0,0.0,13,2,11,1,0,1,0,0,0,0,0,0
260813,9,3,6,0,0,0,0,0,0,0,0,0,0,0,0,0,0,0.0,3,2,1,0,0,0,6,1,5,0,0,0
260992,12,3,9,0,0,0,0,0,0,3,0,3,1,0,1,0,0,0.0,8,3,5,0,0,0,0,0,0,0,0,0
262031,101,37,64,0,0,0,2,0,2,5,2,3,2,1,1,0,0,0.0,88,32,56,3,1,2,0,0,0,1,1,0
262086,100,26,74,0,0,0,9,4,5,12,2,10,12,4,8,0,0,0.0,56,13,43,0,0,0,11,3,8,0,0,0
262129,97,45,52,1,0,1,6,1,5,3,0,3,9,5,4,0,0,0.0,65,33,32,1,1,0,0,0,0,12,5,7
262457,7,2,5,0,0,0,1,0,1,0,0,0,3,1,2,0,0,0.0,3,1,2,0,0,0,0,0,0,0,0,0
363633,24,10,14,0,0,0,0,0,0,0,0,0,18,9,9,0,0,0.0,6,1,5,0,0,0,0,0,0,0,0,0
363907,16,5,11,0,0,0,0,0,0,0,0,0,16,5,11,0,0,0.0,0,0,0,0,0,0,0,0,0,0,0,0
363934,43,26,17,0,0,0,3,1,2,3,1,2,3,2,1,0,0,0.0,31,20,11,2,1,1,0,0,0,1,1,0
364016,110,45,65,0,0,0,6,2,4,1,0,1,15,4,11,0,0,0.6931471805599453,87,39,48,1,0,1,0,0,0,0,0,0
364025,143,57,86,0,0,0,5,2,3,9,3,6,19,8,11,0,0,0.6931471805599453,102,40,62,1,0,1,7,4,3,0,0,0
366003,7,3,4,0,0,0,0,0,0,3,1,2,1,0,1,0,0,0.0,3,2,1,0,0,0,0,0,0,0,0,0
366252,261,181,80,0,0,0,3,3,0,1,1,0,4,3,1,1,1,0.0,249,171,78,0,0,0,3,2,1,0,0,0
366270,13,1,12,0,0,0,0,0,0,8,0,8,0,0,0,1,0,0.0,4,1,3,0,0,0,0,0,0,0,0,0
366340,13,7,6,7,4,3,0,0,0,0,0,0,0,0,0,0,0,0.6931471805599453,6,3,3,0,0,0,0,0,0,0,0,0
366368,5,4,1,0,0,0,0,0,0,1,1,0,0,0,0,0,0,0.0,4,3,1,0,0,0,0,0,0,0,0,0
366395,260,136,124,0,0,0,22,9,13,5,3,2,9,1,8,0,0,0.0,216,119,97,6,2,4,2,2,0,0,0,0
366401,130,60,70,0,0,0,15,8,7,7,2,5,13,6,7,0,0,0.0,79,34,45,3,3,0,4,2,2,9,5,4
366465,68,31,37,0,0,0,0,0,0,5,2,3,1,1,0,0,0,0.0,62,28,34,0,0,0,0,0,0,0,0,0
366535,13,3,10,0,0,0,0,0,0,11,2,9,0,0,0,0,0,0.0,2,1,1,0,0,0,0,0,0,0,0,0
366553,47,11,36,0,0,0,0,0,0,3,1,2,8,3,5,0,0,0.0,34,7,27,2,0,2,0,0,0,0,0,0
366711,402,175,227,5,3,2,63,33,30,13,6,7,57,24,33,2,2,0.0,220,87,133,18,6,12,13,8,5,11,6,5
367112,8,2,6,0,0,0,0,0,0,3,1,2,0,0,0,0,0,0.0,4,1,3,1,0,1,0,0,0,0,0,0
367459,152,62,90,2,2,0,6,3,3,3,1,2,3,2,1,0,0,0.0,122,49,73,0,0,0,16,5,11,0,0,0
367884,20,8,12,0,0,0,0,0,0,3,1,2,3,1,2,0,0,0.6931471805599453,14,6,8,0,0,0,0,0,0,0,0,0
367954,228,64,164,0,0,0,13,4,9,9,3,6,31,12,19,0,0,0.0,148,40,108,8,2,6,19,3,16,0,0,0
368443,10,4,6,0,0,0,1,1,0,2,1,1,1,1,0,0,0,0.0,5,1,4,1,0,1,0,0,0,0,0,0
368452,4,4,0,0,0,0,0,0,0,0,0,0,0,0,0,0,0,0.0,4,4,0,0,0,0,0,0,0,0,0,0
368629,20,3,17,0,0,0,1,1,0,1,1,0,4,1,3,1,0,0.6931471805599453,11,0,11,2,0,2,0,0,0,0,0,0
368911,66,20,46,1,0,1,1,1,0,4,0,4,0,0,0,0,0,0.0,60,19,41,0,0,0,0,0,0,0,0,0
369002,12,7,5,0,0,0,0,0,0,1,0,1,0,0,0,0,0,0.0,11,7,4,0,0,0,0,0,0,0,0,0
369400,63,63,0,0,0,0,0,0,0,4,4,0,8,8,0,0,0,0.6931471805599453,48,48,0,1,1,0,2,2,0,0,0,0
369516,2,0,2,0,0,0,0,0,0,0,0,0,0,0,0,0,0,0.0,2,0,2,0,0,0,0,0,0,0,0,0
369659,3,1,2,0,0,0,1,0,1,0,0,0,0,0,0,0,0,0.0,2,1,1,0,0,0,0,0,0,0,0,0
369668,20,13,7,0,0,0,1,0,1,0,0,0,0,0,0,0,0,0.0,19,13,6,0,0,0,0,0,0,0,0,0
372329,29,2,27,0,0,0,0,0,0,1,0,1,9,0,9,0,0,0.6931471805599453,19,2,17,0,0,0,0,0,0,0,0,0
372921,8,2,6,0,0,0,1,0,1,2,1,1,0,0,0,0,0,0.0,4,1,3,0,0,0,1,0,1,0,0,0
374024,12,4,8,0,0,0,0,0,0,4,1,3,0,0,0,0,0,0.0,6,3,3,2,0,2,0,0,0,0,0,0
375416,6,1,5,0,0,0,0,0,0,5,0,5,0,0,0,0,0,0.0,1,1,0,0,0,0,0,0,0,0,0,0
376224,3,2,1,0,0,0,0,0,0,0,0,0,3,2,1,0,0,0.0,0,0,0,0,0,0,0,0,0,0,0,0
376385,16,5,11,0,0,0,0,0,0,0,0,0,16,5,11,0,0,0.0,0,0,0,0,0,0,0,0,0,0,0,0
376695,58,33,25,0,0,0,10,5,5,3,2,1,0,0,0,35,19,0.0,10,7,3,0,0,0,0,0,0,0,0,0
377111,10,3,7,0,0,0,0,0,0,5,1,4,2,1,1,0,0,0.0,2,0,2,1,1,0,0,0,0,0,0,0
377458,4,1,3,0,0,0,0,0,0,2,1,1,0,0,0,0,0,0.6931471805599453,2,0,2,0,0,0,0,0,0,0,0,0
377555,211,103,108,1,0,1,46,25,21,9,2,7,16,9,7,1,0,0.0,111,55,56,6,0,6,15,9,6,6,3,3
377564,278,131,147,3,0,3,40,17,23,11,5,6,19,8,11,2,1,0.0,154,81,73,10,2,8,18,10,8,21,7,14
377661,2,0,2,0,0,0,0,0,0,0,0,0,0,0,0,0,0,0.0,2,0,2,0,0,0,0,0,0,0,0,0
378105,7,2,5,0,0,0,0,0,0,0,0,0,3,2,1,0,0,0.6931471805599453,3,0,3,1,0,1,0,0,0,0,0,0
378576,17,8,9,0,0,0,2,2,0,0,0,0,1,0,1,0,0,0.0,7,2,5,0,0,0,7,4,3,0,0,0
379746,7,1,6,0,0,0,0,0,0,4,0,4,0,0,0,0,0,0.0,2,1,1,1,0,1,0,0,0,0,0,0
380359,16,7,9,5,2,3,0,0,0,0,0,0,0,0,0,0,0,0.6931471805599453,11,5,6,0,0,0,0,0,0,0,0,0
380368,24,11,13,5,1,4,0,0,0,0,0,0,0,0,0,0,0,0.6931471805599453,17,10,7,2,0,2,0,0,0,0,0,0
380377,25,11,14,11,5,6,1,1,0,1,1,0,1,0,1,1,0,0.0,8,4,4,2,0,2,0,0,0,0,0,0
380438,16,5,11,0,0,0,0,0,0,0,0,0,0,0,0,0,0,0.0,15,4,11,0,0,0,1,1,0,0,0,0
381459,5,5,0,0,0,0,0,0,0,0,0,0,0,0,0,0,0,0.6931471805599453,5,5,0,0,0,0,0,0,0,0,0,0
382957,13,3,10,0,0,0,0,0,0,3,0,3,0,0,0,0,0,0.0,8,2,6,0,0,0,2,1,1,0,0,0
383084,23,10,13,0,0,0,4,2,2,2,2,0,12,5,7,0,0,0.0,5,1,4,0,0,0,0,0,0,0,0,0
383190,68,26,42,1,0,1,19,10,9,0,0,0,3,1,2,10,5,0.0,24,7,17,11,3,8,0,0,0,0,0,0
383996,7,5,2,0,0,0,0,0,0,0,0,0,2,0,2,0,0,0.0,4,4,0,0,0,0,0,0,0,1,1,0
384254,37,17,20,0,0,0,0,0,0,5,2,3,6,2,4,0,0,0.0,25,12,13,1,1,0,0,0,0,0,0,0
384333,104,41,63,1,0,1,4,1,3,5,2,3,15,3,12,1,1,0.0,75,33,42,1,0,1,2,1,1,0,0,0
384342,78,34,44,0,0,0,3,0,3,1,0,1,2,0,2,0,0,0.6931471805599453,71,33,38,1,1,0,0,0,0,0,0,0
384412,1,1,0,0,0,0,0,0,0,0,0,0,0,0,0,0,0,0.6931471805599453,1,1,0,0,0,0,0,0,0,0,0,0
385415,36,15,21,0,0,0,7,3,4,1,0,1,3,1,2,0,0,0.0,25,11,14,0,0,0,0,0,0,0,0,0
385503,8,0,8,0,0,0,0,0,0,1,0,1,0,0,0,0,0,0.0,5,0,5,0,0,0,2,0,2,0,0,0
385619,69,47,22,0,0,0,2,2,0,7,4,3,10,8,2,1,1,0.0,46,30,16,3,2,1,0,0,0,0,0,0
386472,15,0,15,0,0,0,0,0,0,3,0,3,1,0,1,0,0,0.0,9,0,9,1,0,1,1,0,1,0,0,0
388520,9,7,2,0,0,0,0,0,0,3,3,0,1,1,0,0,0,0.0,5,3,2,0,0,0,0,0,0,0,0,0
392257,61,13,48,0,0,0,5,2,3,24,1,23,15,5,10,0,0,0.0,16,5,11,1,0,1,0,0,0,0,0,0
392415,7,2,5,0,0,0,0,0,0,4,1,3,2,1,1,0,0,0.0,0,0,0,0,0,0,1,0,1,0,0,0
393649,14,10,4,0,0,0,1,1,0,0,0,0,10,6,4,0,0,0.0,1,1,0,0,0,0,2,2,0,0,0,0
395362,30,16,14,2,1,1,2,1,1,0,0,0,4,2,2,0,0,0.0,21,12,9,0,0,0,1,0,1,0,0,0
399212,115,41,74,0,0,0,9,4,5,2,1,1,26,7,19,0,0,0.0,60,22,38,1,0,1,10,5,5,7,2,5
399869,10,9,1,0,0,0,0,0,0,2,2,0,0,0,0,0,0,0.0,8,7,1,0,0,0,0,0,0,0,0,0
399911,63,30,33,0,0,0,17,8,9,3,1,2,3,2,1,0,0,0.0,37,18,19,1,0,1,0,0,0,2,1,1
401223,5,2,3,0,0,0,5,2,3,0,0,0,0,0,0,0,0,0.0,0,0,0,0,0,0,0,0,0,0,0,0
403469,13,8,5,0,0,0,0,0,0,0,0,0,0,0,0,0,0,0.0,13,8,5,0,0,0,0,0,0,0,0,0
403478,16,9,7,0,0,0,1,0,1,0,0,0,0,0,0,0,0,0.0,14,8,6,1,1,0,0,0,0,0,0,0
403487,22,15,7,0,0,0,0,0,0,0,0,0,0,0,0,0,0,0.0,22,15,7,0,0,0,0,0,0,0,0,0
404055,5,0,5,0,0,0,0,0,0,0,0,0,0,0,0,0,0,0.0,3,0,3,2,0,2,0,0,0,0,0,0
404222,16,8,8,0,0,0,0,0,0,1,1,0,15,7,8,0,0,0.0,0,0,0,0,0,0,0,0,0,0,0,0
404426,43,22,21,2,2,0,1,1,0,0,0,0,6,4,2,0,0,0.0,32,14,18,2,1,1,0,0,0,0,0,0
404912,26,6,20,0,0,0,1,0,1,0,0,0,3,0,3,0,0,0.0,21,6,15,1,0,1,0,0,0,0,0,0
405058,6,6,0,0,0,0,0,0,0,0,0,0,0,0,0,0,0,0.0,6,6,0,0,0,0,0,0,0,0,0,0
405872,77,22,55,0,0,0,3,2,1,4,1,3,1,1,0,0,0,0.0,68,18,50,1,0,1,0,0,0,0,0,0
406024,60,9,51,0,0,0,1,1,0,5,0,5,7,3,4,0,0,0.0,47,5,42,0,0,0,0,0,0,0,0,0
406033,89,12,77,0,0,0,10,2,8,8,1,7,27,4,23,1,0,0.0,40,4,36,2,1,1,1,0,1,0,0,0
407629,168,90,78,0,0,0,21,16,5,9,2,7,6,2,4,1,0,0.0,126,67,59,5,3,2,0,0,0,0,0,0
408844,70,28,42,0,0,0,0,0,0,4,0,4,64,27,37,0,0,1.0986122886681098,2,1,1,0,0,0,0,0,0,0,0,0
409254,20,0,20,0,0,0,2,0,2,6,0,6,4,0,4,0,0,1.0986122886681098,8,0,8,0,0,0,0,0,0,0,0,0
409315,549,323,226,2,2,0,30,13,17,10,8,2,337,190,147,1,1,0.0,127,82,45,0,0,0,4,4,0,38,23,15
409616,32,11,21,0,0,0,1,1,0,3,1,2,2,0,2,0,0,0.6931471805599453,25,9,16,1,0,1,0,0,0,0,0,0
409698,229,100,129,1,1,0,37,17,20,10,5,5,37,17,20,0,0,0.0,113,50,63,5,2,3,22,8,14,4,0,4
412173,16,7,9,0,0,0,1,0,1,4,2,2,1,0,1,0,0,0.0,10,5,5,0,0,0,0,0,0,0,0,0
412599,6,4,2,0,0,0,0,0,0,4,3,1,0,0,0,0,0,0.6931471805599453,1,1,0,1,0,1,0,0,0,0,0,0
413413,180,50,130,4,0,4,7,4,3,23,3,20,3,1,2,0,0,0.0,136,42,94,0,0,0,7,0,7,0,0,0
413617,14,6,8,3,0,3,0,0,0,1,1,0,0,0,0,0,0,0.6931471805599453,10,5,5,0,0,0,0,0,0,0,0,0
413626,17,9,8,8,2,6,0,0,0,0,0,0,1,1,0,0,0,0.0,7,6,1,0,0,0,1,0,1,0,0,0
413680,27,26,1,0,0,0,1,1,0,9,8,1,5,5,0,0,0,0.6931471805599453,10,10,0,2,2,0,0,0,0,0,0,0
414461,77,68,9,0,0,0,0,0,0,0,0,0,77,68,9,0,0,0.0,0,0,0,0,0,0,0,0,0,0,0,0
414595,5,0,5,0,0,0,0,0,0,0,0,0,1,0,1,0,0,0.0,2,0,2,0,0,0,2,0,2,0,0,0
414911,27,11,16,0,0,0,0,0,0,1,0,1,0,0,0,0,0,0.0,26,11,15,0,0,0,0,0,0,0,0,0
414939,5,1,4,0,0,0,0,0,0,2,0,2,0,0,0,0,0,0.0,2,1,1,0,0,0,1,0,1,0,0,0
414966,13,4,9,2,0,2,0,0,0,3,1,2,0,0,0,0,0,0.6931471805599453,7,3,4,1,0,1,0,0,0,0,0,0
416458,6,2,4,0,0,0,6,2,4,0,0,0,0,0,0,0,0,0.0,0,0,0,0,0,0,0,0,0,0,0,0
416801,22,10,12,0,0,0,5,5,0,3,1,2,0,0,0,0,0,0.0,14,4,10,0,0,0,0,0,0,0,0,0
417327,13,4,9,0,0,0,0,0,0,1,1,0,1,1,0,0,0,0.0,4,1,3,1,0,1,6,1,5,0,0,0
417734,15,2,13,0,0,0,0,0,0,0,0,0,0,0,0,0,0,0.0,15,2,13,0,0,0,0,0,0,0,0,0
418533,56,34,22,0,0,0,0,0,0,0,0,0,2,2,0,0,0,0.6931471805599453,54,32,22,0,0,0,0,0,0,0,0,0
419244,6,6,0,0,0,0,0,0,0,0,0,0,0,0,0,0,0,0.0,6,6,0,0,0,0,0,0,0,0,0,0
420024,7,1,6,0,0,0,0,0,0,5,1,4,0,0,0,0,0,0.0,2,0,2,0,0,0,0,0,0,0,0,0
420246,17,7,10,0,0,0,2,2,0,3,1,2,1,0,1,0,0,0.0,11,4,7,0,0,0,0,0,0,0,0,0
420370,7,4,3,0,0,0,1,1,0,5,2,3,0,0,0,0,0,0.0,1,1,0,0,0,0,0,0,0,0,0,0
420398,194,94,100,0,0,0,6,3,3,6,4,2,74,36,38,0,0,0.0,98,47,51,10,4,6,0,0,0,0,0,0
420431,60,23,37,0,0,0,0,0,0,11,3,8,0,0,0,0,0,0.0,49,20,29,0,0,0,0,0,0,0,0,0
420440,18,8,10,0,0,0,0,0,0,0,0,0,0,0,0,0,0,0.0,18,8,10,0,0,0,0,0,0,0,0,0
420538,38,16,22,0,0,0,0,0,0,0,0,0,0,0,0,0,0,0.0,37,16,21,1,0,1,0,0,0,0,0,0
420556,26,11,15,0,0,0,0,0,0,0,0,0,1,0,1,0,0,0.6931471805599453,23,9,14,2,2,0,0,0,0,0,0,0
420723,10,8,2,0,0,0,0,0,0,0,0,0,0,0,0,0,0,0.0,9,7,2,0,0,0,1,1,0,0,0,0
421708,29,4,25,0,0,0,0,0,0,4,0,4,2,0,2,0,0,0.0,21,4,17,2,0,2,0,0,0,0,0,0
421841,8,6,2,0,0,0,0,0,0,0,0,0,0,0,0,0,0,0.0,8,6,2,0,0,0,0,0,0,0,0,0
421878,11,5,6,0,0,0,3,3,0,3,0,3,0,0,0,0,0,0.6931471805599453,5,2,3,0,0,0,0,0,0,0,0,0
422695,11,2,9,0,0,0,2,0,2,0,0,0,0,0,0,0,0,0.0,9,2,7,0,0,0,0,0,0,0,0,0
422835,6,4,2,0,0,0,0,0,0,1,1,0,2,1,1,0,0,0.0,3,2,1,0,0,0,0,0,0,0,0,0
423120,10,2,8,0,0,0,0,0,0,1,0,1,9,2,7,0,0,0.0,0,0,0,0,0,0,0,0,0,0,0,0
423643,299,127,172,0,0,0,36,15,21,11,5,6,15,6,9,0,0,0.0,232,101,131,5,0,5,0,0,0,0,0,0
423652,11,6,5,0,0,0,0,0,0,0,0,0,2,2,0,0,0,0.0,8,3,5,0,0,0,1,1,0,0,0,0
426314,121,77,44,0,0,0,4,3,1,5,3,2,3,2,1,0,0,0.0,104,65,39,2,1,1,3,3,0,0,0,0
428170,54,7,47,0,0,0,2,0,2,11,1,10,21,2,19,0,0,0.0,19,4,15,1,0,1,0,0,0,0,0,0
428392,32,13,19,1,0,1,1,1,0,0,0,0,2,2,0,0,0,0.0,27,10,17,0,0,0,1,0,1,0,0,0
429085,8,5,3,0,0,0,7,4,3,0,0,0,0,0,0,0,0,0.0,1,1,0,0,0,0,0,0,0,0,0,0
429094,9,4,5,0,0,0,7,4,3,0,0,0,0,0,0,0,0,0.0,2,0,2,0,0,0,0,0,0,0,0,0
430670,41,25,16,0,0,0,0,0,0,0,0,0,41,25,16,0,0,0.0,0,0,0,0,0,0,0,0,0,0,0,0
430704,6,3,3,0,0,0,5,2,3,0,0,0,0,0,0,0,0,0.0,1,1,0,0,0,0,0,0,0,0,0,0
430795,11,5,6,0,0,0,0,0,0,0,0,0,0,0,0,0,0,0.0,11,5,6,0,0,0,0,0,0,0,0,0
430935,12,7,5,0,0,0,0,0,0,0,0,0,12,7,5,0,0,0.0,0,0,0,0,0,0,0,0,0,0,0,0
431141,55,19,36,0,0,0,1,0,1,2,1,1,6,1,5,2,0,0.0,41,16,25,3,1,2,0,0,0,0,0,0
432348,14,8,6,0,0,0,0,0,0,0,0,0,1,1,0,0,0,0.0,13,7,6,0,0,0,0,0,0,0,0,0
432384,19,9,10,0,0,0,2,1,1,1,0,1,5,2,3,0,0,0.0,10,6,4,1,0,1,0,0,0,0,0,0
432524,6,4,2,0,0,0,0,0,0,0,0,0,0,0,0,0,0,0.0,6,4,2,0,0,0,0,0,0,0,0,0
433004,33,19,14,0,0,0,16,11,5,2,1,1,1,0,1,0,0,0.0,14,7,7,0,0,0,0,0,0,0,0,0
433013,23,7,16,0,0,0,7,3,4,0,0,0,3,0,3,0,0,0.0,11,2,9,2,2,0,0,0,0,0,0,0
433174,31,2,29,0,0,0,2,1,1,4,0,4,0,0,0,0,0,0.0,25,1,24,0,0,0,0,0,0,0,0,0
433387,2974,789,2185,11,2,9,69,27,42,456,137,319,132,42,90,7,4,0.0,2082,507,1575,79,24,55,138,46,92,0,0,0
433420,17,15,2,0,0,0,0,0,0,1,1,0,5,4,1,0,0,0.0,11,10,1,0,0,0,0,0,0,0,0,0
433536,6,0,6,0,0,0,0,0,0,2,0,2,0,0,0,0,0,0.0,4,0,4,0,0,0,0,0,0,0,0,0
433660,535,284,251,3,2,1,51,37,14,22,14,8,29,12,17,0,0,0.0,396,203,193,8,4,4,0,0,0,26,12,14
434016,10,5,5,1,0,1,0,0,0,2,2,0,0,0,0,0,0,0.0,5,3,2,1,0,1,0,0,0,1,0,1
434061,161,71,90,1,1,0,5,1,4,40,12,28,6,5,1,0,0,0.0,104,50,54,0,0,0,0,0,0,5,2,3
434140,26,2,24,0,0,0,1,0,1,2,0,2,13,2,11,0,0,0.0,10,0,10,0,0,0,0,0,0,0,0,0
434159,11,9,2,0,0,0,0,0,0,7,5,2,0,0,0,0,0,0.0,4,4,0,0,0,0,0,0,0,0,0,0
434584,11,6,5,1,0,1,0,0,0,2,1,1,0,0,0,0,0,0.0,8,5,3,0,0,0,0,0,0,0,0,0
434672,384,150,234,0,0,0,17,4,13,65,20,45,13,7,6,0,0,0.0,269,111,158,9,3,6,4,2,2,7,3,4
434751,4,3,1,1,1,0,0,0,0,0,0,0,0,0,0,0,0,0.0,3,2,1,0,0,0,0,0,0,0,0,0
434821,17,1,16,0,0,0,0,0,0,12,1,11,0,0,0,0,0,0.0,0,0,0,0,0,0,5,0,5,0,0,0
434900,15,8,7,0,0,0,0,0,0,0,0,0,15,8,7,0,0,0.0,0,0,0,0,0,0,0,0,0,0,0,0
435000,488,277,211,0,0,0,105,75,30,24,6,18,14,9,5,0,0,0.0,248,131,117,2,0,2,0,0,0,95,56,39
436304,56,22,34,0,0,0,0,0,0,17,4,13,1,1,0,0,0,0.0,38,17,21,0,0,0,0,0,0,0,0,0
436429,225,158,67,0,0,0,7,6,1,19,10,9,21,15,6,0,0,0.0,150,108,42,10,7,3,18,12,6,0,0,0
436614,7,6,1,0,0,0,0,0,0,1,1,0,0,0,0,0,0,0.0,6,5,1,0,0,0,0,0,0,0,0,0
437097,24,18,6,0,0,0,8,6,2,1,0,1,0,0,0,0,0,0.0,13,10,3,2,2,0,0,0,0,0,0,0
437103,124,46,78,0,0,0,1,0,1,46,11,35,3,0,3,1,0,0.0,68,32,36,1,0,1,0,0,0,4,3,1
437635,26,4,22,1,1,0,0,0,0,6,0,6,5,1,4,0,0,0.0,13,1,12,1,1,0,0,0,0,0,0,0
437936,21,2,19,2,1,1,5,0,5,0,0,0,5,0,5,0,0,0.0,6,1,5,0,0,0,3,0,3,0,0,0
438179,7,1,6,0,0,0,0,0,0,1,0,1,2,1,1,0,0,0.0,2,0,2,2,0,2,0,0,0,0,0,0
438258,15,2,13,0,0,0,1,0,1,1,1,0,1,0,1,1,0,0.0,8,1,7,1,0,1,2,0,2,0,0,0
438504,30,30,0,0,0,0,1,1,0,1,1,0,9,9,0,0,0,0.0,18,18,0,1,1,0,0,0,0,0,0,0
438586,3,2,1,0,0,0,0,0,0,2,2,0,0,0,0,0,0,0.0,1,0,1,0,0,0,0,0,0,0,0,0
438665,4,0,4,0,0,0,1,0,1,0,0,0,2,0,2,0,0,0.0,1,0,1,0,0,0,0,0,0,0,0,0
438708,14,8,6,0,0,0,0,0,0,0,0,0,0,0,0,0,0,0.0,14,8,6,0,0,0,0,0,0,0,0,0
438735,9,9,0,0,0,0,0,0,0,0,0,0,0,0,0,0,0,0.0,9,9,0,0,0,0,0,0,0,0,0,0
439118,5,2,3,0,0,0,0,0,0,0,0,0,0,0,0,0,0,0.0,4,2,2,0,0,0,1,0,1,0,0,0
439190,47,19,28,0,0,0,3,0,3,0,0,0,3,1,2,0,0,0.0,35,15,20,5,2,3,1,1,0,0,0,0
439367,27,7,20,0,0,0,3,1,2,3,2,1,5,1,4,0,0,0.0,16,3,13,0,0,0,0,0,0,0,0,0
439446,7,6,1,0,0,0,4,3,1,1,1,0,0,0,0,0,0,0.0,2,2,0,0,0,0,0,0,0,0,0,0
439570,21,4,17,2,0,2,0,0,0,3,1,2,0,0,0,0,0,0.0,15,3,12,1,0,1,0,0,0,0,0,0
439701,15,12,3,0,0,0,0,0,0,0,0,0,0,0,0,0,0,0.0,14,11,3,0,0,0,1,1,0,0,0,0
439738,9,4,5,0,0,0,1,1,0,4,1,3,0,0,0,0,0,0.0,2,1,1,0,0,0,2,1,1,0,0,0
439792,11,3,8,1,0,1,0,0,0,3,1,2,0,0,0,0,0,0.0,5,2,3,0,0,0,2,0,2,0,0,0
440031,51,23,28,0,0,0,17,8,9,2,0,2,2,0,2,0,0,0.0,26,14,12,1,0,1,1,1,0,2,0,2
440059,37,36,1,0,0,0,0,0,0,6,6,0,1,1,0,0,0,0.0,27,26,1,0,0,0,3,3,0,0,0,0
440138,1,0,1,0,0,0,0,0,0,0,0,0,0,0,0,0,0,0.0,0,0,0,1,0,1,0,0,0,0,0,0
440262,20,19,1,0,0,0,0,0,0,3,3,0,5,5,0,0,0,0.0,12,11,1,0,0,0,0,0,0,0,0,0
440271,5,3,2,0,0,0,0,0,0,3,1,2,0,0,0,0,0,0.0,2,2,0,0,0,0,0,0,0,0,0,0
440396,17,16,1,0,0,0,0,0,0,0,0,0,0,0,0,0,0,0.0,16,15,1,0,0,0,0,0,0,1,1,0
440402,74,32,42,0,0,0,1,1,0,2,1,1,0,0,0,0,0,0.0,71,30,41,0,0,0,0,0,0,0,0,0
440651,21,3,18,0,0,0,0,0,0,0,0,0,21,3,18,0,0,0.0,0,0,0,0,0,0,0,0,0,0,0,0
440794,11,7,4,0,0,0,2,2,0,3,1,2,0,0,0,0,0,0.0,4,4,0,2,0,2,0,0,0,0,0,0
440916,38,18,20,1,1,0,1,1,0,21,8,13,0,0,0,0,0,0.0,12,7,5,3,1,2,0,0,0,0,0,0
441025,7,3,4,0,0,0,0,0,0,4,0,4,0,0,0,0,0,0.0,3,3,0,0,0,0,0,0,0,0,0,0
441052,27,9,18,0,0,0,8,3,5,1,1,0,3,1,2,0,0,0.0,12,4,8,2,0,2,1,0,1,0,0,0
441070,7,7,0,1,1,0,1,1,0,0,0,0,0,0,0,0,0,0.0,4,4,0,1,1,0,0,0,0,0,0,0
441104,20,10,10,0,0,0,0,0,0,2,1,1,0,0,0,0,0,0.0,17,8,9,0,0,0,1,1,0,0,0,0
441131,14,6,8,0,0,0,0,0,0,3,1,2,0,0,0,0,0,0.0,11,5,6,0,0,0,0,0,0,0,0,0
441229,50,22,28,0,0,0,3,1,2,2,1,1,9,5,4,0,0,0.0,17,8,9,1,1,0,18,6,12,0,0,0
441371,330,61,269,1,0,1,6,3,3,120,23,97,23,6,17,0,0,0.0,153,26,127,14,3,11,13,0,13,0,0,0
441423,13,8,5,0,0,0,1,1,0,0,0,0,12,7,5,0,0,0.0,0,0,0,0,0,0,0,0,0,0,0,0
441609,11,11,0,0,0,0,0,0,0,0,0,0,0,0,0,0,0,0.0,11,11,0,0,0,0,0,0,0,0,0,0
441636,20,3,17,0,0,0,2,1,1,2,0,2,0,0,0,0,0,0.0,16,2,14,0,0,0,0,0,0,0,0,0
441742,27,7,20,0,0,0,1,1,0,12,2,10,3,2,1,0,0,0.0,7,1,6,1,0,1,3,1,2,0,0,0
441760,74,32,42,2,1,1,2,0,2,9,3,6,4,2,2,0,0,0.0,55,24,31,0,0,0,0,0,0,2,2,0
441858,10,0,10,0,0,0,0,0,0,1,0,1,0,0,0,0,0,0.0,9,0,9,0,0,0,0,0,0,0,0,0
441900,117,40,77,0,0,0,9,3,6,9,5,4,14,2,12,3,1,0.0,73,26,47,5,2,3,2,1,1,2,0,2
441937,228,101,127,2,0,2,23,8,15,7,4,3,49,22,27,0,0,0.0,126,55,71,8,5,3,10,7,3,3,0,3
441982,47,23,24,0,0,0,5,3,2,2,2,0,1,0,1,0,0,0.0,36,17,19,1,0,1,0,0,0,2,1,1
442064,7,2,5,0,0,0,4,1,3,0,0,0,1,0,1,0,0,0.0,2,1,1,0,0,0,0,0,0,0,0,0
442134,8,0,8,0,0,0,0,0,0,0,0,0,1,0,1,0,0,0.0,6,0,6,0,0,0,1,0,1,0,0,0
442295,25,15,10,0,0,0,0,0,0,1,0,1,2,1,1,0,0,0.0,21,14,7,0,0,0,0,0,0,1,0,1
442356,68,8,60,0,0,0,1,0,1,1,1,0,0,0,0,1,0,0.0,65,7,58,0,0,0,0,0,0,0,0,0
442383,5,0,5,0,0,0,0,0,0,1,0,1,0,0,0,0,0,0.0,4,0,4,0,0,0,0,0,0,0,0,0
442426,13,1,12,0,0,0,0,0,0,2,0,2,0,0,0,1,0,0.0,10,1,9,0,0,0,0,0,0,0,0,0
442444,25,6,19,0,0,0,3,1,2,0,0,0,6,1,5,1,1,0.0,11,3,8,3,0,3,1,0,1,0,0,0
442569,11,4,7,0,0,0,1,1,0,1,0,1,0,0,0,0,0,0.0,9,3,6,0,0,0,0,0,0,0,0,0
442602,17,4,13,0,0,0,0,0,0,0,0,0,4,2,2,0,0,0.0,11,1,10,2,1,1,0,0,0,0,0,0
442611,39,39,0,0,0,0,0,0,0,1,1,0,1,1,0,0,0,0.0,33,33,0,1,1,0,3,3,0,0,0,0
442781,18,11,7,5,2,3,2,2,0,3,2,1,0,0,0,0,0,0.0,8,5,3,0,0,0,0,0,0,0,0,0
442806,173,114,59,1,0,1,17,12,5,8,3,5,3,1,2,0,0,0.0,144,98,46,0,0,0,0,0,0,0,0,0
442842,3,1,2,0,0,0,0,0,0,0,0,0,0,0,0,0,0,0.0,1,1,0,0,0,0,2,0,2,0,0,0
442879,1,0,1,0,0,0,0,0,0,0,0,0,0,0,0,0,0,0.0,1,0,1,0,0,0,0,0,0,0,0,0
442930,16,9,7,0,0,0,1,1,0,1,0,1,4,3,1,0,0,0.0,10,5,5,0,0,0,0,0,0,0,0,0
443049,6,5,1,0,0,0,0,0,0,2,2,0,0,0,0,0,0,0.0,3,3,0,0,0,0,0,0,0,1,0,1
443076,5,2,3,0,0,0,0,0,0,4,1,3,0,0,0,0,0,0.0,1,1,0,0,0,0,0,0,0,0,0,0
443261,20,4,16,0,0,0,1,0,1,4,1,3,0,0,0,0,0,0.0,15,3,12,0,0,0,0,0,0,0,0,0
443331,55,22,33,0,0,0,19,10,9,2,0,2,4,1,3,2,1,0.0,25,8,17,3,2,1,0,0,0,0,0,0
443410,79,53,26,0,0,0,7,4,3,0,0,0,1,0,1,0,0,0.0,66,47,19,1,0,1,0,0,0,4,2,2
443492,59,22,37,0,0,0,0,0,0,2,1,1,0,0,0,0,0,0.0,57,21,36,0,0,0,0,0,0,0,0,0
443562,37,19,18,0,0,0,0,0,0,0,0,0,37,19,18,0,0,0.0,0,0,0,0,0,0,0,0,0,0,0,0
443571,2,1,1,0,0,0,0,0,0,0,0,0,0,0,0,0,0,0.0,2,1,1,0,0,0,0,0,0,0,0,0
443599,19,7,12,0,0,0,1,0,1,1,0,1,1,1,0,0,0,0.0,16,6,10,0,0,0,0,0,0,0,0,0
443650,12,5,7,1,1,0,0,0,0,3,0,3,0,0,0,0,0,0.0,8,4,4,0,0,0,0,0,0,0,0,0
443748,8,1,7,1,0,1,0,0,0,4,1,3,0,0,0,0,0,0.0,1,0,1,1,0,1,1,0,1,0,0,0
444088,18,1,17,1,0,1,0,0,0,0,0,0,3,0,3,0,0,0.0,10,0,10,4,1,3,0,0,0,0,0,0
444219,126,58,68,1,0,1,11,4,7,7,2,5,15,9,6,0,0,0.0,80,37,43,8,4,4,3,2,1,1,0,1
444325,5,2,3,0,0,0,0,0,0,0,0,0,1,0,1,2,0,0.0,2,2,0,0,0,0,0,0,0,0,0,0
444556,20,13,7,0,0,0,0,0,0,0,0,0,1,1,0,1,0,0.0,5,1,4,3,3,0,10,8,2,0,0,0
444565,16,9,7,0,0,0,0,0,0,2,1,1,2,0,2,0,0,0.0,12,8,4,0,0,0,0,0,0,0,0,0
444778,8,8,0,0,0,0,0,0,0,3,3,0,0,0,0,0,0,0.6931471805599453,4,4,0,1,1,0,0,0,0,0,0,0
444787,174,28,146,0,0,0,9,3,6,17,1,16,6,1,5,2,1,0.6931471805599453,115,14,101,6,3,3,19,5,14,0,0,0
444866,22,5,17,0,0,0,0,0,0,13,3,10,0,0,0,0,0,0.0,9,2,7,0,0,0,0,0,0,0,0,0
444954,57,21,36,0,0,0,0,0,0,0,0,0,1,0,1,0,0,0.0,56,21,35,0,0,0,0,0,0,0,0,0
445027,89,32,57,1,0,1,4,0,4,18,6,12,6,1,5,0,0,0.0,59,25,34,0,0,0,1,0,1,0,0,0
445054,12,10,2,0,0,0,2,2,0,0,0,0,0,0,0,0,0,0.0,10,8,2,0,0,0,0,0,0,0,0,0
445133,2,2,0,0,0,0,0,0,0,0,0,0,0,0,0,0,0,0.6931471805599453,2,2,0,0,0,0,0,0,0,0,0,0
445188,449,235,214,5,0,5,80,49,31,8,5,3,68,30,38,0,0,0.0,229,119,110,11,7,4,22,6,16,26,19,7
445203,6,1,5,0,0,0,0,0,0,3,0,3,2,1,1,0,0,0.0,1,0,1,0,0,0,0,0,0,0,0,0
445230,26,11,15,1,1,0,3,0,3,6,5,1,1,1,0,0,0,0.0,14,4,10,1,0,1,0,0,0,0,0,0
445249,4,3,1,0,0,0,0,0,0,1,0,1,0,0,0,0,0,0.0,2,2,0,0,0,0,1,1,0,0,0,0
445267,18,5,13,0,0,0,0,0,0,0,0,0,0,0,0,0,0,0.0,18,5,13,0,0,0,0,0,0,0,0,0
445364,8,2,6,0,0,0,0,0,0,0,0,0,5,2,3,0,0,0.0,2,0,2,0,0,0,1,0,1,0,0,0
445461,6,2,4,0,0,0,0,0,0,5,2,3,0,0,0,0,0,0.0,0,0,0,1,0,1,0,0,0,0,0,0
445692,12,11,1,0,0,0,0,0,0,0,0,0,0,0,0,0,0,0.6931471805599453,11,10,1,1,1,0,0,0,0,0,0,0
445708,72,38,34,1,0,1,5,3,2,5,2,3,2,1,1,0,0,0.0,55,30,25,2,0,2,1,1,0,1,1,0
445735,100,49,51,0,0,0,20,11,9,6,1,5,6,1,5,0,0,0.0,66,35,31,2,1,1,0,0,0,0,0,0
445744,13,2,11,0,0,0,0,0,0,3,0,3,1,0,1,1,0,0.0,6,2,4,0,0,0,2,0,2,0,0,0
445799,29,29,0,0,0,0,0,0,0,1,1,0,0,0,0,0,0,0.6931471805599453,28,28,0,0,0,0,0,0,0,0,0,0
445869,29,12,17,0,0,0,1,1,0,2,0,2,3,0,3,0,0,0.0,19,9,10,1,1,0,3,1,2,0,0,0
445948,52,12,40,0,0,0,2,0,2,8,0,8,12,1,11,0,0,0.0,21,8,13,3,2,1,6,1,5,0,0,0
446048,69,50,19,0,0,0,6,4,2,1,1,0,3,1,2,0,0,0.0,55,41,14,3,3,0,0,0,0,1,0,1
446109,14,4,10,0,0,0,1,1,0,3,0,3,3,1,2,0,0,0.6931471805599453,7,2,5,0,0,0,0,0,0,0,0,0
446118,33,10,23,0,0,0,5,2,3,2,0,2,12,5,7,0,0,0.0,11,1,10,3,2,1,0,0,0,0,0,0
446127,7,2,5,0,0,0,0,0,0,0,0,0,2,1,1,0,0,0.0,5,1,4,0,0,0,0,0,0,0,0,0
446163,2,1,1,1,1,0,0,0,0,0,0,0,0,0,0,0,0,0.0,1,0,1,0,0,0,0,0,0,0,0,0
446233,7,5,2,0,0,0,0,0,0,0,0,0,0,0,0,0,0,0.6931471805599453,7,5,2,0,0,0,0,0,0,0,0,0
446385,10,7,3,0,0,0,1,0,1,0,0,0,0,0,0,0,0,0.0,9,7,2,0,0,0,0,0,0,0,0,0
446525,13,12,1,0,0,0,0,0,0,4,3,1,1,1,0,0,0,0.0,8,8,0,0,0,0,0,0,0,0,0,0
446552,54,31,23,0,0,0,0,0,0,8,2,6,14,10,4,0,0,0.0,29,17,12,3,2,1,0,0,0,0,0,0
446561,68,23,45,5,1,4,6,1,5,6,2,4,13,7,6,4,2,0.0,34,10,24,0,0,0,0,0,0,0,0,0
446604,185,185,0,0,0,0,0,0,0,0,0,0,0,0,0,0,0,0.0,185,185,0,0,0,0,0,0,0,0,0,0
446640,137,98,39,0,0,0,17,14,3,8,6,2,8,8,0,0,0,0.0,90,61,29,1,0,1,12,8,4,1,1,0
446774,111,41,70,0,0,0,1,1,0,8,2,6,1,1,0,1,0,0.0,100,37,63,0,0,0,0,0,0,0,0,0
447014,8,2,6,0,0,0,1,1,0,0,0,0,0,0,0,0,0,0.0,7,1,6,0,0,0,0,0,0,0,0,0
447050,10,1,9,1,0,1,0,0,0,4,1,3,0,0,0,0,0,0.0,4,0,4,0,0,0,1,0,1,0,0,0
447263,98,16,82,0,0,0,1,0,1,8,1,7,2,0,2,0,0,0.0,67,12,55,1,0,1,19,3,16,0,0,0
447351,9,3,6,0,0,0,1,0,1,0,0,0,3,1,2,0,0,0.0,5,2,3,0,0,0,0,0,0,0,0,0
447582,51,26,25,0,0,0,0,0,0,2,2,0,0,0,0,0,0,0.0,49,24,25,0,0,0,0,0,0,0,0,0
447591,25,5,20,0,0,0,1,0,1,12,2,10,4,0,4,0,0,0.0,7,2,5,1,1,0,0,0,0,0,0,0
447689,430,203,227,2,1,1,52,24,28,48,18,30,19,13,6,0,0,0.0,279,128,151,3,2,1,9,6,3,18,11,7
447698,1,1,0,0,0,0,0,0,0,0,0,0,0,0,0,0,0,0.0,1,1,0,0,0,0,0,0,0,0,0,0
447759,4,2,2,0,0,0,0,0,0,0,0,0,1,1,0,0,0,0.0,3,1,2,0,0,0,0,0,0,0,0,0
447768,25,9,16,1,0,1,3,2,1,2,1,1,11,5,6,2,1,0.0,5,0,5,0,0,0,1,0,1,0,0,0
447777,17,9,8,0,0,0,0,0,0,7,5,2,1,0,1,0,0,0.0,9,4,5,0,0,0,0,0,0,0,0,0
447847,59,46,13,0,0,0,4,4,0,2,2,0,3,3,0,0,0,0.0,21,14,7,0,0,0,0,0,0,29,23,6
447935,8,2,6,0,0,0,0,0,0,2,1,1,0,0,0,0,0,0.0,6,1,5,0,0,0,0,0,0,0,0,0
447953,4,4,0,0,0,0,1,1,0,0,0,0,1,1,0,0,0,0.0,2,2,0,0,0,0,0,0,0,0,0,0
448372,5,2,3,0,0,0,0,0,0,0,0,0,1,0,1,0,0,0.0,4,2,2,0,0,0,0,0,0,0,0,0
448433,25,25,0,0,0,0,1,1,0,1,1,0,3,3,0,0,0,0.0,19,19,0,1,1,0,0,0,0,0,0,0
448594,39,19,20,0,0,0,2,2,0,2,0,2,4,0,4,0,0,0.0,29,16,13,0,0,0,2,1,1,0,0,0
448600,11,1,10,0,0,0,0,0,0,0,0,0,0,0,0,0,0,0.0,11,1,10,0,0,0,0,0,0,0,0,0
448673,57,7,50,0,0,0,2,1,1,18,2,16,3,1,2,0,0,0.0,32,3,29,0,0,0,2,0,2,0,0,0
448691,12,1,11,0,0,0,0,0,0,0,0,0,0,0,0,0,0,0.0,5,0,5,0,0,0,5,1,4,2,0,2
448859,13,12,1,0,0,0,0,0,0,0,0,0,2,2,0,0,0,0.0,11,10,1,0,0,0,0,0,0,0,0,0
449074,19,2,17,0,0,0,3,0,3,1,0,1,2,0,2,0,0,0.0,11,2,9,2,0,2,0,0,0,0,0,0
449135,10,5,5,0,0,0,0,0,0,0,0,0,10,5,5,0,0,0.0,0,0,0,0,0,0,0,0,0,0,0,0
449250,25,4,21,0,0,0,0,0,0,4,0,4,11,2,9,0,0,0.0,9,2,7,1,0,1,0,0,0,0,0,0
449339,332,149,183,4,2,2,8,6,2,27,7,20,15,7,8,0,0,0.0,232,104,128,9,5,4,37,18,19,0,0,0
449384,7,7,0,0,0,0,1,1,0,1,1,0,1,1,0,0,0,0.0,4,4,0,0,0,0,0,0,0,0,0,0
449506,8,5,3,0,0,0,1,1,0,0,0,0,7,4,3,0,0,0.0,0,0,0,0,0,0,0,0,0,0,0,0
449524,14,2,12,0,0,0,1,0,1,1,1,0,3,1,2,0,0,0.0,9,0,9,0,0,0,0,0,0,0,0,0
449612,5,4,1,0,0,0,0,0,0,0,0,0,0,0,0,0,0,0.0,5,4,1,0,0,0,0,0,0,0,0,0
449728,10,1,9,3,1,2,0,0,0,0,0,0,1,0,1,0,0,0.0,5,0,5,0,0,0,1,0,1,0,0,0
449764,15,11,4,0,0,0,1,1,0,1,1,0,0,0,0,0,0,0.0,13,9,4,0,0,0,0,0,0,0,0,0
449861,7,0,7,0,0,0,0,0,0,2,0,2,1,0,1,0,0,0.0,4,0,4,0,0,0,0,0,0,0,0,0
449870,14,9,5,0,0,0,6,5,1,3,1,2,0,0,0,0,0,0.0,4,2,2,1,1,0,0,0,0,0,0,0
449889,90,28,62,0,0,0,2,1,1,18,5,13,4,3,1,0,0,0.0,63,18,45,3,1,2,0,0,0,0,0,0
449898,16,3,13,1,0,1,0,0,0,2,0,2,1,0,1,0,0,0.0,11,3,8,0,0,0,1,0,1,0,0,0
449922,23,14,9,0,0,0,6,5,1,0,0,0,1,0,1,0,0,0.0,16,9,7,0,0,0,0,0,0,0,0,0
450058,30,7,23,0,0,0,0,0,0,5,0,5,0,0,0,0,0,0.0,23,7,16,2,0,2,0,0,0,0,0,0
450067,20,6,14,0,0,0,0,0,0,3,0,3,0,0,0,0,0,0.0,17,6,11,0,0,0,0,0,0,0,0,0
450128,15,1,14,0,0,0,0,0,0,5,1,4,0,0,0,0,0,0.0,8,0,8,0,0,0,2,0,2,0,0,0
450304,14,8,6,0,0,0,2,1,1,3,1,2,2,2,0,0,0,0.0,7,4,3,0,0,0,0,0,0,0,0,0
450401,23,0,23,3,0,3,0,0,0,1,0,1,0,0,0,0,0,0.0,19,0,19,0,0,0,0,0,0,0,0,0
450571,12,5,7,0,0,0,0,0,0,0,0,0,0,0,0,0,0,0.0,12,5,7,0,0,0,0,0,0,0,0,0
450696,14,3,11,0,0,0,1,0,1,1,1,0,2,0,2,0,0,0.0,7,1,6,2,1,1,1,0,1,0,0,0
450933,235,142,93,1,0,1,7,6,1,35,16,19,5,5,0,0,0,0.0,161,102,59,3,1,2,23,12,11,0,0,0
450960,5,1,4,0,0,0,3,1,2,0,0,0,1,0,1,0,0,0.0,1,0,1,0,0,0,0,0,0,0,0,0
451103,63,30,33,0,0,0,1,0,1,8,1,7,53,29,24,0,0,0.0,1,0,1,0,0,0,0,0,0,0,0,0
451228,9,7,2,0,0,0,1,0,1,1,1,0,0,0,0,0,0,0.0,6,6,0,0,0,0,1,0,1,0,0,0
451404,41,41,0,0,0,0,0,0,0,0,0,0,0,0,0,0,0,0.0,41,41,0,0,0,0,0,0,0,0,0,0
451477,27,23,4,0,0,0,0,0,0,0,0,0,2,2,0,0,0,0.0,22,18,4,2,2,0,1,1,0,0,0,0
451510,27,12,15,0,0,0,0,0,0,3,0,3,0,0,0,0,0,0.0,23,11,12,1,1,0,0,0,0,0,0,0
451556,88,38,50,0,0,0,1,0,1,3,2,1,75,32,43,0,0,0.0,9,4,5,0,0,0,0,0,0,0,0,0
451750,50,9,41,0,0,0,4,1,3,5,1,4,1,1,0,0,0,0.0,40,6,34,0,0,0,0,0,0,0,0,0
451866,7,2,5,0,0,0,0,0,0,3,1,2,0,0,0,0,0,0.0,4,1,3,0,0,0,0,0,0,0,0,0
451927,18,14,4,0,0,0,0,0,0,0,0,0,0,0,0,0,0,0.0,18,14,4,0,0,0,0,0,0,0,0,0
452081,3,0,3,0,0,0,0,0,0,0,0,0,0,0,0,0,0,0.0,3,0,3,0,0,0,0,0,0,0,0,0
452124,16,2,14,0,0,0,0,0,0,5,1,4,0,0,0,0,0,0.0,10,1,9,0,0,0,1,0,1,0,0,0
452373,12,1,11,0,0,0,1,0,1,3,0,3,0,0,0,0,0,0.0,7,1,6,0,0,0,1,0,1,0,0,0
452948,22,1,21,0,0,0,1,0,1,3,0,3,0,0,0,0,0,0.0,18,1,17,0,0,0,0,0,0,0,0,0
454184,28,22,6,0,0,0,0,0,0,2,1,1,0,0,0,0,0,0.0,24,19,5,0,0,0,2,2,0,0,0,0
454218,326,35,291,2,0,2,31,3,28,65,1,64,16,2,14,1,0,0.0,181,22,159,7,1,6,23,6,17,0,0,0
454698,14,6,8,0,0,0,0,0,0,0,0,0,10,3,7,0,0,0.0,4,3,1,0,0,0,0,0,0,0,0,0
454786,31,13,18,0,0,0,2,0,2,5,2,3,4,2,2,0,0,0.0,20,9,11,0,0,0,0,0,0,0,0,0
454810,124,54,70,1,0,1,2,0,2,8,1,7,5,2,3,0,0,0.0,98,48,50,5,1,4,5,2,3,0,0,0
454829,27,4,23,0,0,0,0,0,0,1,1,0,2,0,2,0,0,0.0,16,1,15,1,0,1,7,2,5,0,0,0
454856,26,4,22,0,0,0,1,1,0,0,0,0,1,0,1,0,0,0.0,24,3,21,0,0,0,0,0,0,0,0,0
454865,29,5,24,0,0,0,1,0,1,12,1,11,7,3,4,0,0,0.0,9,1,8,0,0,0,0,0,0,0,0,0
455114,165,83,82,0,0,0,3,0,3,0,0,0,4,2,2,1,0,0.0,153,79,74,0,0,0,4,2,2,0,0,0
455196,99,11,88,0,0,0,7,0,7,29,1,28,9,3,6,0,0,0.0,51,5,46,3,2,1,0,0,0,0,0,0
455257,14,14,0,0,0,0,0,0,0,0,0,0,0,0,0,0,0,0.0,14,14,0,0,0,0,0,0,0,0,0,0
455336,1,1,0,0,0,0,0,0,0,0,0,0,0,0,0,0,0,0.0,1,1,0,0,0,0,0,0,0,0,0,0
455406,34,18,16,0,0,0,1,1,0,1,0,1,0,0,0,0,0,0.0,28,16,12,4,1,3,0,0,0,0,0,0
455433,22,10,12,0,0,0,2,0,2,0,0,0,3,2,1,0,0,0.0,15,7,8,1,1,0,1,0,1,0,0,0
455479,16,3,13,1,0,1,0,0,0,1,0,1,0,0,0,0,0,0.0,12,3,9,0,0,0,2,0,2,0,0,0
455512,35,15,20,0,0,0,5,3,2,0,0,0,2,1,1,0,0,0.0,28,11,17,0,0,0,0,0,0,0,0,0
455628,16,6,10,0,0,0,0,0,0,10,5,5,0,0,0,0,0,0.0,6,1,5,0,0,0,0,0,0,0,0,0
455664,91,30,61,0,0,0,5,1,4,17,4,13,3,1,2,0,0,0.0,52,21,31,9,2,7,5,1,4,0,0,0
455770,11,8,3,0,0,0,1,1,0,0,0,0,1,1,0,0,0,0.0,8,5,3,1,1,0,0,0,0,0,0,0
455804,10,9,1,0,0,0,0,0,0,0,0,0,0,0,0,0,0,0.0,10,9,1,0,0,0,0,0,0,0,0,0
455813,10,8,2,0,0,0,0,0,0,0,0,0,1,1,0,0,0,0.0,9,7,2,0,0,0,0,0,0,0,0,0
455868,10,1,9,0,0,0,5,0,5,0,0,0,3,1,2,0,0,0.0,2,0,2,0,0,0,0,0,0,0,0,0
455983,1,0,1,0,0,0,1,0,1,0,0,0,0,0,0,0,0,0.0,0,0,0,0,0,0,0,0,0,0,0,0
456038,10,0,10,0,0,0,0,0,0,0,0,0,1,0,1,0,0,0.0,8,0,8,1,0,1,0,0,0,0,0,0
456214,12,8,4,1,0,1,0,0,0,3,1,2,3,3,0,0,0,0.0,1,1,0,0,0,0,4,3,1,0,0,0
456454,14,5,9,1,0,1,0,0,0,0,0,0,0,0,0,0,0,0.0,12,5,7,0,0,0,1,0,1,0,0,0
456490,4,4,0,0,0,0,0,0,0,0,0,0,4,4,0,0,0,0.0,0,0,0,0,0,0,0,0,0,0,0,0
456542,38,18,20,0,0,0,8,2,6,2,1,1,0,0,0,0,0,0.0,27,14,13,1,1,0,0,0,0,0,0,0
456579,11,4,7,0,0,0,0,0,0,1,0,1,0,0,0,0,0,0.0,8,3,5,2,1,1,0,0,0,0,0,0
456852,6,4,2,0,0,0,0,0,0,1,1,0,3,2,1,0,0,0.0,2,1,1,0,0,0,0,0,0,0,0,0
456959,41,17,24,0,0,0,2,1,1,1,1,0,1,0,1,0,0,0.0,33,14,19,1,0,1,0,0,0,3,1,2
457086,10,4,6,0,0,0,9,3,6,0,0,0,1,1,0,0,0,0.0,0,0,0,0,0,0,0,0,0,0,0,0
457101,9,5,4,0,0,0,2,2,0,2,1,1,0,0,0,0,0,0.0,4,2,2,0,0,0,1,0,1,0,0,0
457110,11,0,11,0,0,0,0,0,0,0,0,0,0,0,0,0,0,0.0,10,0,10,0,0,0,1,0,1,0,0,0
457299,14,4,10,0,0,0,6,2,4,1,1,0,5,1,4,0,0,0.0,2,0,2,0,0,0,0,0,0,0,0,0
457402,3,1,2,0,0,0,0,0,0,3,1,2,0,0,0,0,0,0.0,0,0,0,0,0,0,0,0,0,0,0,0
457527,9,0,9,0,0,0,2,0,2,1,0,1,0,0,0,0,0,0.0,6,0,6,0,0,0,0,0,0,0,0,0
457536,17,6,11,0,0,0,2,1,1,3,0,3,1,1,0,0,0,0.0,11,4,7,0,0,0,0,0,0,0,0,0
458140,7,7,0,0,0,0,0,0,0,0,0,0,0,0,0,0,0,0.0,7,7,0,0,0,0,0,0,0,0,0,0
458210,99,31,68,0,0,0,17,5,12,5,2,3,11,6,5,0,0,0.0,59,16,43,4,2,2,3,0,3,0,0,0
458229,46,11,35,1,1,0,8,3,5,4,0,4,7,3,4,0,0,0.0,25,4,21,1,0,1,0,0,0,0,0,0
458405,10,8,2,0,0,0,0,0,0,9,7,2,0,0,0,0,0,0.0,0,0,0,1,1,0,0,0,0,0,0,0
458681,10,2,8,0,0,0,0,0,0,2,0,2,0,0,0,0,0,0.0,8,2,6,0,0,0,0,0,0,0,0,0
459204,48,8,40,0,0,0,26,7,19,5,0,5,0,0,0,1,0,0.0,10,1,9,2,0,2,4,0,4,0,0,0
459213,101,24,77,0,0,0,19,3,16,9,1,8,22,12,10,3,1,0.0,41,7,34,4,0,4,3,0,3,0,0,0
459259,14,0,14,0,0,0,2,0,2,3,0,3,0,0,0,0,0,0.0,8,0,8,0,0,0,1,0,1,0,0,0
459268,6,1,5,0,0,0,0,0,0,2,0,2,0,0,0,0,0,0.0,3,1,2,0,0,0,1,0,1,0,0,0
459417,3,3,0,0,0,0,0,0,0,0,0,0,0,0,0,0,0,0.0,3,3,0,0,0,0,0,0,0,0,0,0
459727,12,5,7,0,0,0,1,1,0,2,1,1,1,0,1,0,0,0.0,8,3,5,0,0,0,0,0,0,0,0,0
459736,89,34,55,0,0,0,11,4,7,7,2,5,5,3,2,2,0,0.0,58,23,35,2,0,2,4,2,2,0,0,0
459745,23,9,14,0,0,0,1,0,1,7,1,6,1,1,0,0,0,0.0,12,6,6,2,1,1,0,0,0,0,0,0
459824,90,35,55,0,0,0,9,3,6,2,0,2,2,0,2,3,2,0.0,69,28,41,3,1,2,2,1,1,0,0,0
459842,19,3,16,0,0,0,2,1,1,2,0,2,0,0,0,0,0,0.0,15,2,13,0,0,0,0,0,0,0,0,0
459851,13,2,11,0,0,0,0,0,0,1,0,1,0,0,0,0,0,0.0,12,2,10,0,0,0,0,0,0,0,0,0
459949,221,108,113,2,0,2,27,19,8,6,2,4,49,21,28,0,0,0.0,115,55,60,1,0,1,12,6,6,9,5,4
459958,7,2,5,0,0,0,0,0,0,4,2,2,1,0,1,0,0,0.0,1,0,1,0,0,0,1,0,1,0,0,0
460020,10,1,9,0,0,0,0,0,0,4,0,4,0,0,0,0,0,0.0,6,1,5,0,0,0,0,0,0,0,0,0
460136,31,3,28,0,0,0,4,2,2,6,0,6,6,0,6,0,0,0.0,13,1,12,2,0,2,0,0,0,0,0,0
460181,17,2,15,0,0,0,2,2,0,4,0,4,1,0,1,0,0,0.0,8,0,8,2,0,2,0,0,0,0,0,0
460190,11,1,10,0,0,0,0,0,0,2,0,2,2,0,2,0,0,0.0,7,1,6,0,0,0,0,0,0,0,0,0
460206,16,4,12,0,0,0,0,0,0,0,0,0,7,3,4,0,0,0.0,8,1,7,1,0,1,0,0,0,0,0,0
460349,4,3,1,0,0,0,0,0,0,0,0,0,0,0,0,0,0,0.0,3,2,1,0,0,0,1,1,0,0,0,0
460376,3,2,1,0,0,0,0,0,0,1,1,0,0,0,0,0,0,0.0,2,1,1,0,0,0,0,0,0,0,0,0
460394,104,44,60,1,0,1,11,5,6,11,4,7,25,11,14,0,0,0.0,50,22,28,3,0,3,0,0,0,3,2,1
460464,103,46,57,1,1,0,4,2,2,6,1,5,28,17,11,0,0,0.0,58,23,35,3,1,2,0,0,0,3,1,2
460543,40,40,0,2,2,0,0,0,0,3,3,0,5,5,0,0,0,0.0,27,27,0,3,3,0,0,0,0,0,0,0
460677,13,2,11,0,0,0,0,0,0,0,0,0,13,2,11,0,0,0.0,0,0,0,0,0,0,0,0,0,0,0,0
460756,12,3,9,0,0,0,6,2,4,0,0,0,0,0,0,1,0,0.0,1,1,0,4,0,4,0,0,0,0,0,0
460817,11,6,5,0,0,0,0,0,0,3,1,2,1,1,0,0,0,0.0,7,4,3,0,0,0,0,0,0,0,0,0
460826,7,3,4,0,0,0,0,0,0,7,3,4,0,0,0,0,0,0.0,0,0,0,0,0,0,0,0,0,0,0,0
460835,7,5,2,0,0,0,0,0,0,0,0,0,0,0,0,0,0,0.0,7,5,2,0,0,0,0,0,0,0,0,0
461014,16,8,8,0,0,0,3,3,0,2,2,0,0,0,0,0,0,0.0,10,3,7,0,0,0,1,0,1,0,0,0
461148,144,98,46,1,1,0,5,3,2,8,3,5,8,5,3,1,1,0.0,113,78,35,7,7,0,1,0,1,0,0,0
461218,19,4,15,0,0,0,0,0,0,0,0,0,0,0,0,0,0,0.0,19,4,15,0,0,0,0,0,0,0,0,0
461315,7,2,5,3,0,3,0,0,0,0,0,0,0,0,0,0,0,0.0,4,2,2,0,0,0,0,0,0,0,0,0
461324,9,5,4,0,0,0,0,0,0,0,0,0,2,0,2,0,0,0.0,6,4,2,1,1,0,0,0,0,0,0,0
461528,6,5,1,0,0,0,0,0,0,0,0,0,0,0,0,0,0,0.0,6,5,1,0,0,0,0,0,0,0,0,0
461689,10,1,9,0,0,0,0,0,0,0,0,0,1,0,1,0,0,0.0,9,1,8,0,0,0,0,0,0,0,0,0
461759,12,9,3,0,0,0,0,0,0,10,7,3,0,0,0,0,0,0.0,2,2,0,0,0,0,0,0,0,0,0,0
461795,21,13,8,0,0,0,1,1,0,2,1,1,3,2,1,0,0,0.0,13,7,6,0,0,0,0,0,0,2,2,0
461883,13,12,1,0,0,0,0,0,0,0,0,0,9,9,0,0,0,0.0,3,2,1,0,0,0,1,1,0,0,0,0
462354,8,7,1,0,0,0,0,0,0,0,0,0,0,0,0,0,0,0.0,8,7,1,0,0,0,0,0,0,0,0,0
464226,12,7,5,0,0,0,2,1,1,1,1,0,1,1,0,0,0,0.0,6,3,3,1,1,0,0,0,0,1,0,1
469416,20,10,10,0,0,0,0,0,0,0,0,0,20,10,10,0,0,0.0,0,0,0,0,0,0,0,0,0,0,0,0
469629,11,11,0,2,2,0,0,0,0,0,0,0,0,0,0,0,0,0.0,9,9,0,0,0,0,0,0,0,0,0,0
474863,12,6,6,0,0,0,1,0,1,3,1,2,1,1,0,0,0,0.0,7,4,3,0,0,0,0,0,0,0,0,0
475033,122,23,99,0,0,0,6,0,6,43,4,39,15,3,12,1,0,0.0,45,12,33,4,2,2,8,2,6,0,0,0
475121,41,6,35,1,0,1,0,0,0,4,0,4,0,0,0,0,0,0.0,32,6,26,2,0,2,2,0,2,0,0,0
475176,14,7,7,0,0,0,0,0,0,1,1,0,6,2,4,0,0,0.0,5,3,2,2,1,1,0,0,0,0,0,0
475273,15,7,8,0,0,0,0,0,0,7,4,3,0,0,0,0,0,0.0,6,3,3,0,0,0,2,0,2,0,0,0
475398,6,4,2,0,0,0,0,0,0,0,0,0,0,0,0,0,0,0.0,6,4,2,0,0,0,0,0,0,0,0,0
475477,6,2,4,0,0,0,0,0,0,0,0,0,0,0,0,0,0,0.0,6,2,4,0,0,0,0,0,0,0,0,0
475495,72,32,40,0,0,0,1,0,1,2,0,2,2,1,1,1,0,0.0,66,31,35,0,0,0,0,0,0,0,0,0
475565,46,19,27,0,0,0,5,3,2,9,3,6,2,2,0,0,0,0.0,25,9,16,1,0,1,0,0,0,4,2,2
475608,14,10,4,0,0,0,0,0,0,0,0,0,0,0,0,0,0,0.0,14,10,4,0,0,0,0,0,0,0,0,0
475714,2,0,2,0,0,0,0,0,0,0,0,0,2,0,2,0,0,0.0,0,0,0,0,0,0,0,0,0,0,0,0
476683,11,0,11,0,0,0,0,0,0,1,0,1,0,0,0,0,0,0.0,10,0,10,0,0,0,0,0,0,0,0,0
476717,31,31,0,0,0,0,0,0,0,0,0,0,0,0,0,0,0,0.0,31,31,0,0,0,0,0,0,0,0,0,0
476726,22,11,11,0,0,0,1,1,0,0,0,0,20,10,10,1,0,0.0,0,0,0,0,0,0,0,0,0,0,0,0
476939,22,5,17,0,0,0,2,0,2,5,0,5,13,5,8,0,0,0.0,2,0,2,0,0,0,0,0,0,0,0,0
476975,40,17,23,0,0,0,2,1,1,5,3,2,3,1,2,2,1,0.0,27,11,16,0,0,0,1,0,1,0,0,0
477039,44,8,36,0,0,0,7,2,5,9,1,8,2,0,2,0,0,0.0,22,5,17,1,0,1,3,0,3,0,0,0
480037,34,24,10,0,0,0,2,1,1,3,3,0,2,2,0,0,0,0.0,23,16,7,2,1,1,2,1,1,0,0,0
480073,9,3,6,0,0,0,0,0,0,0,0,0,0,0,0,0,0,0.0,8,3,5,0,0,0,1,0,1,0,0,0
480091,52,8,44,0,0,0,0,0,0,8,1,7,1,0,1,0,0,0.0,43,7,36,0,0,0,0,0,0,0,0,0
480204,16,3,13,0,0,0,2,1,1,2,0,2,6,2,4,0,0,0.0,6,0,6,0,0,0,0,0,0,0,0,0
480657,13,0,13,0,0,0,0,0,0,1,0,1,0,0,0,0,0,0.0,10,0,10,2,0,2,0,0,0,0,0,0
480790,72,41,31,1,1,0,5,2,3,2,0,2,4,4,0,0,0,0.0,60,34,26,0,0,0,0,0,0,0,0,0
480824,15,0,15,0,0,0,0,0,0,10,0,10,1,0,1,0,0,0.0,3,0,3,1,0,1,0,0,0,0,0,0
480833,32,3,29,0,0,0,1,0,1,11,0,11,2,1,1,0,0,0.0,18,2,16,0,0,0,0,0,0,0,0,0
480967,12,7,5,10,5,5,0,0,0,0,0,0,0,0,0,0,0,0.0,2,2,0,0,0,0,0,0,0,0,0,0
481030,2,1,1,0,0,0,0,0,0,0,0,0,0,0,0,0,0,0.0,2,1,1,0,0,0,0,0,0,0,0,0
481094,1,0,1,0,0,0,0,0,0,0,0,0,0,0,0,0,0,0.0,1,0,1,0,0,0,0,0,0,0,0,0
481155,11,3,8,0,0,0,0,0,0,1,0,1,0,0,0,0,0,0.0,10,3,7,0,0,0,0,0,0,0,0,0
481225,3,3,0,0,0,0,0,0,0,0,0,0,0,0,0,0,0,0.0,3,3,0,0,0,0,0,0,0,0,0,0
481386,4,1,3,0,0,0,1,0,1,1,0,1,0,0,0,0,0,0.0,2,1,1,0,0,0,0,0,0,0,0,0
481401,5,5,0,0,0,0,1,1,0,0,0,0,2,2,0,0,0,0.0,2,2,0,0,0,0,0,0,0,0,0,0
481535,38,29,9,0,0,0,11,9,2,0,0,0,2,2,0,0,0,0.0,24,17,7,0,0,0,0,0,0,1,1,0
482149,1033,544,489,1,0,1,128,76,52,68,22,46,58,37,21,0,0,0.0,687,352,335,11,3,8,36,24,12,44,30,14
482158,270,128,142,1,1,0,17,9,8,37,10,27,6,3,3,1,0,0.0,197,103,94,1,0,1,5,0,5,5,2,3
482413,11,10,1,0,0,0,1,1,0,2,2,0,0,0,0,0,0,0.0,8,7,1,0,0,0,0,0,0,0,0,0
482422,5,2,3,0,0,0,1,1,0,0,0,0,1,1,0,0,0,0.0,3,0,3,0,0,0,0,0,0,0,0,0
482431,25,21,4,1,1,0,8,7,1,3,3,0,2,2,0,0,0,0.0,8,5,3,0,0,0,3,3,0,0,0,0
482459,6,5,1,0,0,0,0,0,0,1,1,0,1,1,0,0,0,0.6931471805599453,4,3,1,0,0,0,0,0,0,0,0,0
482468,8,5,3,0,0,0,1,0,1,4,3,1,0,0,0,0,0,0.6931471805599453,3,2,1,0,0,0,0,0,0,0,0,0
482477,61,38,23,0,0,0,5,2,3,5,2,3,2,2,0,0,0,0.0,41,27,14,0,0,0,8,5,3,0,0,0
482556,7,4,3,0,0,0,2,1,1,0,0,0,0,0,0,0,0,0.0,4,2,2,0,0,0,1,1,0,0,0,0
482574,7,5,2,0,0,0,1,1,0,1,1,0,0,0,0,0,0,0.6931471805599453,5,3,2,0,0,0,0,0,0,0,0,0
482608,3,2,1,0,0,0,0,0,0,1,0,1,0,0,0,0,0,0.0,2,2,0,0,0,0,0,0,0,0,0,0
482635,15,11,4,0,0,0,0,0,0,4,3,1,1,0,1,0,0,0.0,9,7,2,1,1,0,0,0,0,0,0,0
482653,3,2,1,0,0,0,0,0,0,1,1,0,0,0,0,0,0,0.0,2,1,1,0,0,0,0,0,0,0,0,0
482680,712,370,342,2,0,2,56,31,25,31,14,17,31,15,16,1,1,0.0,529,270,259,5,3,2,8,8,0,49,28,21
482699,58,28,30,0,0,0,2,2,0,3,2,1,2,0,2,0,0,0.0,48,22,26,1,1,0,2,1,1,0,0,0
482705,180,68,112,0,0,0,6,3,3,9,2,7,5,1,4,1,0,0.0,83,38,45,1,0,1,54,18,36,21,6,15
482936,71,55,16,0,0,0,15,13,2,0,0,0,6,6,0,0,0,0.0,39,26,13,0,0,0,0,0,0,11,10,1
482990,7,2,5,0,0,0,0,0,0,2,1,1,1,1,0,0,0,0.0,2,0,2,1,0,1,1,0,1,0,0,0
483018,20,10,10,0,0,0,1,1,0,1,1,0,1,1,0,0,0,0.0,12,5,7,2,1,1,3,1,2,0,0,0
483036,91,37,54,0,0,0,9,2,7,4,1,3,3,0,3,0,0,0.6931471805599453,61,29,32,2,0,2,3,0,3,9,5,4
483045,234,109,125,2,1,1,3,1,2,73,18,55,8,8,0,0,0,0.0,147,80,67,1,1,0,0,0,0,0,0,0
483124,1178,551,627,5,2,3,100,53,47,31,11,20,102,47,55,1,0,0.0,788,363,425,13,3,10,93,47,46,45,25,20
483212,89,43,46,0,0,0,0,0,0,22,9,13,3,2,1,0,0,0.6931471805599453,63,31,32,1,1,0,0,0,0,0,0,0
483373,6,1,5,0,0,0,0,0,0,3,0,3,0,0,0,0,0,0.0,1,0,1,2,1,1,0,0,0,0,0,0
483595,44,14,30,0,0,0,0,0,0,0,0,0,40,13,27,0,0,0.0,4,1,3,0,0,0,0,0,0,0,0,0
483814,9,1,8,0,0,0,2,0,2,5,1,4,1,0,1,0,0,0.6931471805599453,1,0,1,0,0,0,0,0,0,0,0,0
483975,31,20,11,1,0,1,0,0,0,4,3,1,1,1,0,0,0,0.0,25,16,9,0,0,0,0,0,0,0,0,0
484002,32,6,26,1,1,0,6,1,5,4,0,4,8,2,6,0,0,0.0,8,0,8,5,2,3,0,0,0,0,0,0
484066,34,2,32,0,0,0,0,0,0,3,0,3,0,0,0,1,0,0.6931471805599453,29,2,27,0,0,0,0,0,0,1,0,1
484367,6,2,4,0,0,0,0,0,0,0,0,0,0,0,0,1,1,0.0,1,0,1,2,1,1,2,0,2,0,0,0
484376,14,1,13,0,0,0,3,0,3,3,0,3,7,1,6,0,0,0.0,0,0,0,0,0,0,1,0,1,0,0,0
484473,17,7,10,0,0,0,0,0,0,0,0,0,1,0,1,0,0,0.0,16,7,9,0,0,0,0,0,0,0,0,0
484613,80,14,66,0,0,0,1,0,1,5,0,5,0,0,0,0,0,0.0,61,11,50,9,2,7,4,1,3,0,0,0
484844,41,24,17,0,0,0,2,1,1,2,2,0,1,1,0,0,0,0.0,22,13,9,1,1,0,1,1,0,12,5,7
484862,7,6,1,0,0,0,0,0,0,2,2,0,1,1,0,0,0,0.0,4,3,1,0,0,0,0,0,0,0,0,0
484905,134,64,70,2,1,1,12,6,6,24,12,12,13,6,7,0,0,0.0,72,34,38,2,0,2,4,1,3,5,4,1
484932,76,28,48,0,0,0,2,2,0,3,0,3,1,0,1,0,0,0.0,70,26,44,0,0,0,0,0,0,0,0,0
485111,92,41,51,0,0,0,5,3,2,13,6,7,3,2,1,0,0,0.0,53,23,30,1,0,1,17,7,10,0,0,0
485272,35,8,27,0,0,0,4,1,3,7,0,7,14,4,10,0,0,0.0,7,2,5,2,1,1,1,0,1,0,0,0
485403,1,0,1,0,0,0,0,0,0,1,0,1,0,0,0,0,0,0.0,0,0,0,0,0,0,0,0,0,0,0,0
485458,90,42,48,0,0,0,2,1,1,16,8,8,2,1,1,0,0,0.6931471805599453,70,32,38,0,0,0,0,0,0,0,0,0
485467,1,0,1,0,0,0,1,0,1,0,0,0,0,0,0,0,0,0.0,0,0,0,0,0,0,0,0,0,0,0,0
485519,4,3,1,0,0,0,0,0,0,0,0,0,0,0,0,0,0,0.0,3,3,0,0,0,0,1,0,1,0,0,0
485546,6,2,4,0,0,0,0,0,0,0,0,0,1,0,1,0,0,0.6931471805599453,0,0,0,0,0,0,5,2,3,0,0,0
485698,15,12,3,0,0,0,0,0,0,1,1,0,0,0,0,0,0,0.0,14,11,3,0,0,0,0,0,0,0,0,0
485768,36,26,10,0,0,0,0,0,0,7,3,4,25,19,6,0,0,0.0,4,4,0,0,0,0,0,0,0,0,0,0
485999,15,15,0,0,0,0,0,0,0,0,0,0,0,0,0,0,0,0.0,15,15,0,0,0,0,0,0,0,0,0,0
486053,14,14,0,0,0,0,0,0,0,0,0,0,0,0,0,0,0,0.0,11,11,0,1,1,0,0,0,0,2,2,0
486257,3,3,0,0,0,0,0,0,0,0,0,0,0,0,0,0,0,0.0,2,2,0,1,1,0,0,0,0,0,0,0
486284,3,2,1,0,0,0,0,0,0,0,0,0,0,0,0,0,0,0.0,3,2,1,0,0,0,0,0,0,0,0,0
486372,13,8,5,0,0,0,0,0,0,1,0,1,1,1,0,0,0,0.0,9,7,2,0,0,0,0,0,0,2,0,2
486415,15,2,13,0,0,0,4,1,3,9,1,8,0,0,0,0,0,0.0,2,0,2,0,0,0,0,0,0,0,0,0
486424,8,2,6,0,0,0,0,0,0,8,2,6,0,0,0,0,0,0.0,0,0,0,0,0,0,0,0,0,0,0,0
486813,22,7,15,0,0,0,0,0,0,1,0,1,15,7,8,0,0,0.0,6,0,6,0,0,0,0,0,0,0,0,0
486822,22,5,17,0,0,0,0,0,0,0,0,0,2,1,1,0,0,0.0,18,4,14,1,0,1,1,0,1,0,0,0
486840,1304,666,638,2,0,2,181,104,77,128,51,77,53,29,24,1,0,0.0,851,437,414,17,8,9,15,8,7,56,29,27
486901,96,51,45,0,0,0,4,0,4,3,2,1,1,1,0,1,1,0.0,87,47,40,0,0,0,0,0,0,0,0,0
486965,8,6,2,0,0,0,0,0,0,0,0,0,0,0,0,1,1,0.0,5,3,2,0,0,0,2,2,0,0,0,0
487010,1277,722,555,2,0,2,204,139,65,104,30,74,38,24,14,0,0,0.0,849,484,365,7,5,2,0,0,0,73,40,33
487092,104,52,52,0,0,0,9,4,5,10,6,4,7,3,4,0,0,0.0,73,37,36,1,0,1,0,0,0,4,2,2
487162,144,56,88,0,0,0,1,0,1,22,5,17,2,2,0,0,0,0.0,119,49,70,0,0,0,0,0,0,0,0,0
487302,11,6,5,0,0,0,0,0,0,0,0,0,0,0,0,0,0,0.0,10,5,5,1,1,0,0,0,0,0,0,0
487311,29,26,3,1,0,1,0,0,0,5,5,0,0,0,0,0,0,0.0,21,19,2,2,2,0,0,0,0,0,0,0
487320,537,402,135,2,2,0,2,2,0,18,17,1,153,106,47,1,0,0.0,350,266,84,1,1,0,10,8,2,0,0,0
487375,26,8,18,0,0,0,5,1,4,4,0,4,3,1,2,0,0,0.0,12,4,8,1,1,0,1,1,0,0,0,0
487393,14,5,9,0,0,0,0,0,0,7,3,4,3,1,2,0,0,0.0,3,1,2,1,0,1,0,0,0,0,0,0
487409,13,7,6,0,0,0,0,0,0,4,1,3,8,5,3,0,0,0.0,1,1,0,0,0,0,0,0,0,0,0,0
487418,18,8,10,0,0,0,0,0,0,15,6,9,1,1,0,0,0,0.0,1,1,0,1,0,1,0,0,0,0,0,0
487445,7,3,4,0,0,0,0,0,0,3,2,1,2,1,1,0,0,0.0,0,0,0,2,0,2,0,0,0,0,0,0
487454,7,2,5,0,0,0,0,0,0,2,0,2,2,1,1,0,0,0.0,2,1,1,1,0,1,0,0,0,0,0,0
487490,14,7,7,0,0,0,0,0,0,9,3,6,2,1,1,0,0,0.0,1,1,0,0,0,0,2,2,0,0,0,0
487524,118,60,58,0,0,0,2,1,1,1,1,0,0,0,0,0,0,0.0,86,44,42,1,1,0,28,13,15,0,0,0
487588,5,0,5,0,0,0,0,0,0,4,0,4,0,0,0,0,0,0.0,1,0,1,0,0,0,0,0,0,0,0,0
487597,38,37,1,0,0,0,7,7,0,4,4,0,16,16,0,1,1,0.0,9,9,0,1,0,1,0,0,0,0,0,0
487649,4,4,0,0,0,0,0,0,0,1,1,0,0,0,0,0,0,0.0,2,2,0,1,1,0,0,0,0,0,0,0
487861,6,1,5,0,0,0,0,0,0,1,0,1,0,0,0,0,0,0.0,5,1,4,0,0,0,0,0,0,0,0,0
487977,35,3,32,0,0,0,0,0,0,2,0,2,1,0,1,1,0,0.0,31,3,28,0,0,0,0,0,0,0,0,0
488077,9,6,3,0,0,0,1,0,1,0,0,0,0,0,0,0,0,0.0,7,5,2,1,1,0,0,0,0,0,0,0
488305,6,4,2,0,0,0,0,0,0,1,1,0,0,0,0,0,0,0.0,5,3,2,0,0,0,0,0,0,0,0,0
488387,1,0,1,0,0,0,0,0,0,1,0,1,0,0,0,0,0,0.0,0,0,0,0,0,0,0,0,0,0,0,0
488527,45,20,25,0,0,0,2,0,2,0,0,0,4,2,2,0,0,0.0,37,17,20,0,0,0,1,1,0,1,0,1
488554,26,14,12,0,0,0,0,0,0,0,0,0,4,2,2,0,0,0.0,18,11,7,0,0,0,4,1,3,0,0,0
488572,29,14,15,1,0,1,8,2,6,1,0,1,5,2,3,0,0,0.0,13,9,4,1,1,0,0,0,0,0,0,0
488730,78,30,48,0,0,0,1,0,1,2,2,0,21,6,15,0,0,0.0,47,19,28,7,3,4,0,0,0,0,0,0
488785,5,4,1,0,0,0,0,0,0,0,0,0,0,0,0,0,0,0.0,5,4,1,0,0,0,0,0,0,0,0,0
488800,12,1,11,1,0,1,1,0,1,0,0,0,1,0,1,0,0,0.0,8,1,7,1,0,1,0,0,0,0,0,0
489201,114,52,62,0,0,0,9,6,3,2,1,1,27,12,15,1,1,0.0,68,30,38,4,1,3,3,1,2,0,0,0
489283,23,9,14,0,0,0,0,0,0,0,0,0,20,7,13,0,0,0.0,2,2,0,1,0,1,0,0,0,0,0,0
489779,337,122,215,1,0,1,8,4,4,26,12,14,11,5,6,0,0,0.0,231,77,154,0,0,0,60,24,36,0,0,0
489858,36,14,22,0,0,0,10,5,5,2,1,1,3,2,1,0,0,0.0,15,3,12,3,2,1,3,1,2,0,0,0
489937,34,16,18,0,0,0,12,6,6,2,1,1,1,1,0,0,0,0.0,19,8,11,0,0,0,0,0,0,0,0,0
490054,18,3,15,0,0,0,0,0,0,6,0,6,5,1,4,0,0,0.0,5,1,4,0,0,0,2,1,1,0,0,0
490106,5,5,0,0,0,0,4,4,0,0,0,0,0,0,0,0,0,0.0,1,1,0,0,0,0,0,0,0,0,0,0
490133,39,20,19,0,0,0,1,0,1,3,3,0,1,0,1,0,0,0.0,22,11,11,1,0,1,11,6,5,0,0,0
490203,9,1,8,0,0,0,0,0,0,0,0,0,0,0,0,0,0,0.0,9,1,8,0,0,0,0,0,0,0,0,0
490230,37,19,18,0,0,0,15,8,7,9,5,4,3,0,3,0,0,0.0,10,6,4,0,0,0,0,0,0,0,0,0
490276,16,16,0,0,0,0,0,0,0,0,0,0,0,0,0,0,0,0.0,16,16,0,0,0,0,0,0,0,0,0,0
490373,129,68,61,0,0,0,17,10,7,5,2,3,4,1,3,0,0,0.0,76,40,36,4,3,1,21,11,10,2,1,1
490559,26,6,20,0,0,0,1,0,1,9,2,7,4,1,3,0,0,0.0,11,3,8,1,0,1,0,0,0,0,0,0
490753,1,1,0,0,0,0,0,0,0,0,0,0,0,0,0,0,0,0.0,1,1,0,0,0,0,0,0,0,0,0,0
490805,233,136,97,0,0,0,41,27,14,12,7,5,11,7,4,1,0,0.0,148,83,65,0,0,0,11,5,6,9,7,2
490832,11,0,11,0,0,0,0,0,0,0,0,0,0,0,0,0,0,0.0,9,0,9,0,0,0,2,0,2,0,0,0
490878,11,3,8,0,0,0,1,0,1,1,1,0,3,1,2,0,0,0.0,3,0,3,3,1,2,0,0,0,0,0,0
490975,8,3,5,0,0,0,1,1,0,1,0,1,5,1,4,0,0,0.0,1,1,0,0,0,0,0,0,0,0,0,0
491057,11,11,0,0,0,0,0,0,0,0,0,0,0,0,0,0,0,0.0,11,11,0,0,0,0,0,0,0,0,0,0
491181,19,2,17,0,0,0,0,0,0,0,0,0,0,0,0,0,0,0.0,19,2,17,0,0,0,0,0,0,0,0,0
491525,4,3,1,0,0,0,0,0,0,0,0,0,0,0,0,0,0,0.0,4,3,1,0,0,0,0,0,0,0,0,0
491808,2,1,1,0,0,0,1,1,0,0,0,0,0,0,0,0,0,0.0,1,0,1,0,0,0,0,0,0,0,0,0
491844,7,4,3,3,2,1,0,0,0,0,0,0,0,0,0,0,0,0.0,4,2,2,0,0,0,0,0,0,0,0,0
491941,15,0,15,0,0,0,0,0,0,1,0,1,0,0,0,0,0,0.0,14,0,14,0,0,0,0,0,0,0,0,0
491950,6,3,3,0,0,0,1,1,0,0,0,0,2,1,1,0,0,0.0,3,1,2,0,0,0,0,0,0,0,0,0
492069,4,2,2,0,0,0,0,0,0,0,0,0,0,0,0,0,0,0.0,4,2,2,0,0,0,0,0,0,0,0,0
492449,18,3,15,0,0,0,0,0,0,0,0,0,4,1,3,1,0,0.0,12,2,10,1,0,1,0,0,0,0,0,0
492476,2,1,1,0,0,0,0,0,0,0,0,0,2,1,1,0,0,0.0,0,0,0,0,0,0,0,0,0,0,0,0
492607,11,3,8,0,0,0,0,0,0,0,0,0,0,0,0,0,0,0.0,10,2,8,1,1,0,0,0,0,0,0,0
492689,292,157,135,0,0,0,57,30,27,10,3,7,83,41,42,0,0,0.0,111,66,45,3,2,1,1,1,0,27,14,13
492722,12,2,10,0,0,0,0,0,0,2,0,2,5,1,4,0,0,0.0,5,1,4,0,0,0,0,0,0,0,0,0
492801,3,1,2,0,0,0,0,0,0,0,0,0,0,0,0,0,0,0.0,3,1,2,0,0,0,0,0,0,0,0,0
493080,18,11,7,0,0,0,1,1,0,2,2,0,6,3,3,0,0,0.0,8,4,4,1,1,0,0,0,0,0,0,0
493600,20,20,0,0,0,0,0,0,0,0,0,0,0,0,0,0,0,0.0,20,20,0,0,0,0,0,0,0,0,0,0
493646,13,0,13,0,0,0,0,0,0,0,0,0,0,0,0,0,0,0.0,13,0,13,0,0,0,0,0,0,0,0,0
493947,39,21,18,0,0,0,1,1,0,1,0,1,0,0,0,0,0,0.0,35,19,16,2,1,1,0,0,0,0,0,0
494010,14,7,7,0,0,0,0,0,0,2,1,1,3,3,0,0,0,0.0,6,1,5,0,0,0,3,2,1,0,0,0
494162,6,2,4,0,0,0,2,1,1,2,0,2,0,0,0,0,0,0.0,2,1,1,0,0,0,0,0,0,0,0,0
494250,23,6,17,0,0,0,0,0,0,5,2,3,0,0,0,0,0,1.3862943611198906,17,4,13,1,0,1,0,0,0,0,0,0
494278,4,1,3,0,0,0,0,0,0,0,0,0,4,1,3,0,0,1.3862943611198906,0,0,0,0,0,0,0,0,0,0,0,0
494287,14,1,13,0,0,0,0,0,0,0,0,0,14,1,13,0,0,1.3862943611198906,0,0,0,0,0,0,0,0,0,0,0,0
494436,14,1,13,0,0,0,0,0,0,0,0,0,0,0,0,0,0,1.3862943611198906,13,1,12,0,0,0,1,0,1,0,0,0
494588,13,3,10,0,0,0,0,0,0,2,0,2,3,0,3,1,0,1.3862943611198906,6,3,3,0,0,0,1,0,1,0,0,0
494603,41,39,2,1,1,0,4,3,1,1,1,0,0,0,0,0,0,0.0,35,34,1,0,0,0,0,0,0,0,0,0
494737,11,11,0,0,0,0,0,0,0,0,0,0,0,0,0,0,0,0.0,11,11,0,0,0,0,0,0,0,0,0,0
494746,8,3,5,1,0,1,5,2,3,0,0,0,0,0,0,1,0,0.6931471805599453,1,1,0,0,0,0,0,0,0,0,0,0
494843,14,3,11,0,0,0,1,1,0,8,0,8,0,0,0,0,0,0.6931471805599453,3,1,2,1,1,0,1,0,1,0,0,0
494852,17,4,13,0,0,0,0,0,0,2,0,2,0,0,0,0,0,0.6931471805599453,15,4,11,0,0,0,0,0,0,0,0,0
494959,5,4,1,0,0,0,0,0,0,0,0,0,0,0,0,0,0,0.0,5,4,1,0,0,0,0,0,0,0,0,0
495192,6,2,4,0,0,0,0,0,0,1,0,1,1,1,0,0,0,0.0,3,1,2,1,0,1,0,0,0,0,0,0
495314,9,4,5,0,0,0,2,1,1,0,0,0,1,1,0,0,0,0.0,6,2,4,0,0,0,0,0,0,0,0,0
495420,8,2,6,0,0,0,1,0,1,1,0,1,2,1,1,0,0,0.0,2,0,2,0,0,0,1,0,1,1,1,0
495439,8,1,7,0,0,0,0,0,0,3,0,3,3,1,2,0,0,0.6931471805599453,1,0,1,0,0,0,1,0,1,0,0,0
495448,12,2,10,0,0,0,2,1,1,2,0,2,0,0,0,0,0,0.6931471805599453,7,0,7,1,1,0,0,0,0,0,0,0
495457,15,1,14,0,0,0,0,0,0,0,0,0,1,0,1,0,0,0.6931471805599453,12,1,11,2,0,2,0,0,0,0,0,0
495952,5,2,3,0,0,0,0,0,0,1,0,1,0,0,0,0,0,0.6931471805599453,4,2,2,0,0,0,0,0,0,0,0,0
496043,31,16,15,0,0,0,13,6,7,4,2,2,3,1,2,0,0,0.6931471805599453,9,6,3,0,0,0,2,1,1,0,0,0
496186,5,3,2,0,0,0,0,0,0,0,0,0,1,1,0,0,0,0.6931471805599453,2,2,0,1,0,1,1,0,1,0,0,0
496283,7,1,6,0,0,0,0,0,0,0,0,0,0,0,0,0,0,0.0,7,1,6,0,0,0,0,0,0,0,0,0
496326,11,0,11,1,0,1,0,0,0,0,0,0,0,0,0,1,0,0.0,8,0,8,1,0,1,0,0,0,0,0,0
496627,94,56,38,1,1,0,26,19,7,6,1,5,3,2,1,0,0,0.6931471805599453,46,25,21,2,1,1,10,7,3,0,0,0
496636,5,2,3,0,0,0,0,0,0,0,0,0,5,2,3,0,0,0.0,0,0,0,0,0,0,0,0,0,0,0,0
496681,10,2,8,1,0,1,2,0,2,5,2,3,0,0,0,0,0,0.0,2,0,2,0,0,0,0,0,0,0,0,0
496991,20,3,17,0,0,0,0,0,0,9,0,9,6,3,3,0,0,0.0,2,0,2,2,0,2,1,0,1,0,0,0
497046,61,30,31,0,0,0,7,4,3,4,2,2,15,5,10,0,0,0.0,33,19,14,1,0,1,1,0,1,0,0,0
497116,22,2,20,0,0,0,1,0,1,2,0,2,3,0,3,0,0,0.0,16,2,14,0,0,0,0,0,0,0,0,0
497125,12,1,11,0,0,0,0,0,0,2,0,2,0,0,0,0,0,0.6931471805599453,10,1,9,0,0,0,0,0,0,0,0,0
497268,7,1,6,0,0,0,0,0,0,0,0,0,0,0,0,0,0,0.0,7,1,6,0,0,0,0,0,0,0,0,0
497277,10,2,8,0,0,0,0,0,0,2,0,2,2,1,1,0,0,0.0,4,1,3,1,0,1,1,0,1,0,0,0
497286,20,18,2,0,0,0,0,0,0,2,1,1,7,6,1,0,0,0.6931471805599453,10,10,0,0,0,0,1,1,0,0,0,0
497338,1,0,1,0,0,0,1,0,1,0,0,0,0,0,0,0,0,0.6931471805599453,0,0,0,0,0,0,0,0,0,0,0,0
497480,2,0,2,0,0,0,0,0,0,0,0,0,0,0,0,0,0,0.0,0,0,0,2,0,2,0,0,0,0,0,0
497693,23,13,10,0,0,0,4,4,0,0,0,0,1,1,0,0,0,0.0,14,6,8,2,1,1,1,0,1,1,1,0
498030,12,12,0,0,0,0,0,0,0,4,4,0,4,4,0,0,0,0.6931471805599453,2,2,0,0,0,0,2,2,0,0,0,0
498049,5,0,5,0,0,0,0,0,0,1,0,1,0,0,0,0,0,0.0,4,0,4,0,0,0,0,0,0,0,0,0
498085,6,1,5,0,0,0,0,0,0,0,0,0,0,0,0,0,0,0.0,6,1,5,0,0,0,0,0,0,0,0,0
498094,4,1,3,0,0,0,0,0,0,0,0,0,0,0,0,0,0,0.0,4,1,3,0,0,0,0,0,0,0,0,0
498100,9,1,8,0,0,0,0,0,0,0,0,0,1,0,1,0,0,0.0,7,1,6,1,0,1,0,0,0,0,0,0
498234,17,9,8,0,0,0,5,4,1,1,1,0,2,0,2,0,0,0.0,9,4,5,0,0,0,0,0,0,0,0,0
498456,4,1,3,0,0,0,1,0,1,0,0,0,2,1,1,0,0,0.0,1,0,1,0,0,0,0,0,0,0,0,0
498562,529,266,263,1,0,1,36,23,13,11,7,4,17,6,11,1,1,0.0,451,221,230,6,5,1,2,1,1,4,2,2
498571,534,260,274,1,0,1,30,11,19,26,11,15,14,8,6,0,0,0.6931471805599453,455,223,232,1,1,0,0,0,0,7,6,1
